0.000000013,0.010229278,0.000000050
0.000000138,0.009947672,0.000000150
-0.000000210,0.010018074,0.000000250
-0.000000411,0.009243657,0.000000350
-0.000000423,0.010370082,0.000000450
-0.000000506,0.010158877,0.000000550
-0.000000371,0.009666067,0.000000650
-0.000000358,0.009947672,0.000000750
-0.000000253,0.009736468,0.000000850
-0.000000139,0.010651688,0.000000950
-0.000000358,0.010370082,0.000001050
-0.000000319,0.010370082,0.000001150
-0.000000408,0.010299681,0.000001250
-0.000000260,0.010018074,0.000001350
-0.000000138,0.010229278,0.000001450
-0.000000321,0.010018074,0.000001550
-0.000000205,0.010158877,0.000001650
-0.000000143,0.009877271,0.000001750
-0.000000148,0.009454861,0.000001850
-0.000000211,0.008962051,0.000001950
-0.000000529,0.010862892,0.000002050
-0.000000355,0.010158877,0.000002150
-0.000000054,0.010088475,0.000002250
-0.000000144,0.009947672,0.000002350
-0.000000305,0.010229278,0.000002450
0.000000133,0.009666067,0.000002550
-0.000000308,0.010440484,0.000002650
-0.000000535,0.009314058,0.000002750
-0.000000528,0.010510885,0.000002850
-0.000000397,0.009877271,0.000002950
-0.000000018,0.010440484,0.000003050
-0.000000185,0.010792491,0.000003150
-0.000000411,0.010651688,0.000003250
-0.000000241,0.010933294,0.000003350
-0.000000276,0.009384460,0.000003450
-0.000000252,0.010370082,0.000003550
-0.000000249,0.010158877,0.000003650
-0.000000325,0.010158877,0.000003750
-0.000000433,0.010581287,0.000003850
-0.000000204,0.010158877,0.000003950
-0.000000180,0.010158877,0.000004050
-0.000000204,0.010722090,0.000004150
-0.000000204,0.009525263,0.000004250
-0.000000332,0.009595665,0.000004350
-0.000000271,0.009032452,0.000004450
-0.000000115,0.010229278,0.000004550
-0.000000264,0.009595665,0.000004650
-0.000000375,0.009314058,0.000004750
-0.000000294,0.010018074,0.000004850
-0.000000108,0.010370082,0.000004950
-0.000000289,0.009736468,0.000005050
-0.000000213,0.010158877,0.000005150
-0.000000165,0.009877271,0.000005250
-0.000000252,0.010862892,0.000005350
-0.000000334,0.010088475,0.000005450
-0.000000298,0.010229278,0.000005550
-0.000000391,0.009032452,0.000005650
-0.000000020,0.010299681,0.000005750
-0.000000204,0.009243657,0.000005850
-0.000000203,0.010229278,0.000005950
-0.000000265,0.010510885,0.000006050
-0.000000449,0.010581287,0.000006150
-0.000000404,0.010510885,0.000006250
-0.000000208,0.010088475,0.000006350
-0.000000279,0.010581287,0.000006450
-0.000000196,0.010299681,0.000006550
0.000000029,0.010651688,0.000006650
-0.000000461,0.010862892,0.000006750
-0.000000493,0.011285302,0.000006850
-0.000000184,0.010651688,0.000006950
-0.000000117,0.011074098,0.000007050
-0.000000277,0.010440484,0.000007150
-0.000000040,0.011496507,0.000007250
-0.000000244,0.010299681,0.000007350
-0.000000427,0.010581287,0.000007450
-0.000000301,0.009525263,0.000007550
-0.000000258,0.010370082,0.000007650
-0.000000144,0.010370082,0.000007750
-0.000000234,0.009595665,0.000007850
-0.000000199,0.009736468,0.000007950
-0.000000194,0.010158877,0.000008050
-0.000000284,0.009525263,0.000008150
-0.000000180,0.009877271,0.000008250
-0.000000175,0.009032452,0.000008350
-0.000000242,0.009243657,0.000008450
-0.000000304,0.009877271,0.000008550
-0.000000347,0.010722090,0.000008650
-0.000000383,0.010158877,0.000008750
-0.000000455,0.010510885,0.000008850
-0.000000267,0.009877271,0.000008950
-0.000000190,0.011074098,0.000009050
-0.000000117,0.009947672,0.000009150
-0.000000272,0.010018074,0.000009250
-0.000000036,0.010158877,0.000009350
0.000000180,0.010722090,0.000009450
-0.000000181,0.010370082,0.000009550
-0.000000277,0.010229278,0.000009650
-0.000000290,0.010370082,0.000009750
-0.000000530,0.009102854,0.000009850
-0.000000339,0.010440484,0.000009950
-0.000000010,0.006216390,0.000010050
0.000000858,-0.001386979,0.000010150
0.000001656,-0.008145529,0.000010250
0.000001799,-0.015819298,0.000010350
0.000001707,-0.022789054,0.000010450
0.000002030,-0.031730052,0.000010550
0.000001789,-0.039615028,0.000010650
0.000001406,-0.046021570,0.000010750
0.000001257,-0.052850518,0.000010850
0.000001148,-0.060524289,0.000010950
0.000001533,-0.068198062,0.000011050
0.000001437,-0.076505445,0.000011150
0.000001478,-0.083123192,0.000011250
0.000001746,-0.091148965,0.000011350
0.000001693,-0.098470733,0.000011450
0.000001633,-0.105722092,0.000011550
0.000001717,-0.113114253,0.000011650
0.000001653,-0.121140033,0.000011750
0.000001564,-0.128250584,0.000011850
0.000001572,-0.134797931,0.000011950
0.000001547,-0.142612502,0.000012050
0.000001400,-0.149652660,0.000012150
0.000001560,-0.157608047,0.000012250
0.000001745,-0.165000200,0.000012350
0.000001544,-0.171969965,0.000012450
0.000001639,-0.179784536,0.000012550
0.000001644,-0.187106296,0.000012650
0.000001616,-0.194850460,0.000012750
0.000001648,-0.202031419,0.000012850
0.000001627,-0.209705189,0.000012950
0.000001689,-0.217519775,0.000013050
0.000001775,-0.225123137,0.000013150
0.000001572,-0.232656106,0.000013250
0.000001530,-0.240470678,0.000013350
0.000001588,-0.247792438,0.000013450
0.000001577,-0.254410177,0.000013550
0.000001603,-0.262435973,0.000013650
0.000001604,-0.270461738,0.000013750
0.000001381,-0.278205901,0.000013850
0.000001658,-0.285457283,0.000013950
0.000001838,-0.293483049,0.000014050
0.000001574,-0.300875217,0.000014150
0.000001621,-0.308760196,0.000014250
0.000001739,-0.315377951,0.000014350
0.000001547,-0.323333323,0.000014450
0.000001412,-0.330514282,0.000014550
0.000001276,-0.338540047,0.000014650
0.000001517,-0.345932215,0.000014750
0.000001471,-0.352831572,0.000014850
0.000001441,-0.360153317,0.000014950
0.000001766,-0.367404699,0.000015050
0.000001670,-0.375219256,0.000015150
0.000001696,-0.382681817,0.000015250
0.000001771,-0.390003592,0.000015350
0.000001687,-0.398874193,0.000015450
0.000001564,-0.405491948,0.000015550
0.000001324,-0.413095295,0.000015650
0.000001283,-0.419149846,0.000015750
0.000001676,-0.427034825,0.000015850
0.000001825,-0.434074968,0.000015950
0.000001565,-0.440903932,0.000016050
0.000001886,-0.449352115,0.000016150
0.000001660,-0.456603467,0.000016250
0.000001518,-0.464277238,0.000016350
0.000001380,-0.472795814,0.000016450
0.000001437,-0.480540007,0.000016550
0.000001765,-0.487087339,0.000016650
0.000001432,-0.494690716,0.000016750
0.000001663,-0.502364457,0.000016850
0.000001495,-0.509686232,0.000016950
0.000001608,-0.517289639,0.000017050
0.000001938,-0.523484945,0.000017150
0.000001769,-0.531510711,0.000017250
0.000001726,-0.539043725,0.000017350
0.000001727,-0.546717465,0.000017450
0.000001721,-0.554391265,0.000017550
0.000001534,-0.562135398,0.000017650
0.000001482,-0.569738805,0.000017750
0.000001670,-0.577412546,0.000017850
0.000001823,-0.584241509,0.000017950
0.000001789,-0.590859234,0.000018050
0.000001899,-0.600574672,0.000018150
0.000001840,-0.606840372,0.000018250
0.000001839,-0.615077376,0.000018350
0.000001879,-0.622469544,0.000018450
0.000001976,-0.630002499,0.000018550
0.000001813,-0.637535453,0.000018650
0.000001639,-0.644786835,0.000018750
0.000001583,-0.652531028,0.000018850
0.000001379,-0.660134375,0.000018950
0.000002004,-0.668019354,0.000019050
0.000001977,-0.674989104,0.000019150
0.000002193,-0.682240486,0.000019250
0.000001898,-0.690195858,0.000019350
0.000001961,-0.697517633,0.000019450
0.000002094,-0.704909801,0.000019550
0.000001793,-0.712794721,0.000019650
0.000002155,-0.720257282,0.000019750
0.000001939,-0.726734281,0.000019850
0.000002014,-0.735675275,0.000019950
0.000002113,-0.741377771,0.000020050
0.000002060,-0.750881970,0.000020150
0.000001990,-0.757429361,0.000020250
0.000002130,-0.765243888,0.000020350
0.000001886,-0.772143245,0.000020450
0.000001992,-0.779042602,0.000020550
0.000002140,-0.787631631,0.000020650
0.000002159,-0.794882953,0.000020750
0.000002437,-0.801500738,0.000020850
0.000002092,-0.808681667,0.000020950
0.000002392,-0.817974687,0.000021050
0.000001985,-0.824662805,0.000021150
0.000002118,-0.832688630,0.000021250
0.000002365,-0.839728773,0.000021350
0.000002239,-0.847965717,0.000021450
0.000002146,-0.854513109,0.000021550
0.000002191,-0.862538874,0.000021650
0.000002247,-0.869790196,0.000021750
0.000002010,-0.877111971,0.000021850
0.000001893,-0.884363353,0.000021950
0.000002301,-0.891403496,0.000022050
0.000002534,-0.898936450,0.000022150
0.000002387,-0.906610250,0.000022250
0.000002471,-0.914424837,0.000022350
0.000002785,-0.922309816,0.000022450
0.000002364,-0.929068327,0.000022550
0.000002367,-0.937234938,0.000022650
0.000002283,-0.944063902,0.000022750
0.000002347,-0.952230453,0.000022850
0.000002611,-0.959904194,0.000022950
0.000002613,-0.966521978,0.000023050
0.000002430,-0.973773360,0.000023150
0.000002466,-0.981306314,0.000023250
0.000002481,-0.987783253,0.000023350
0.000002350,-0.996724248,0.000023450
0.000002579,-1.003975630,0.000023550
0.000002510,-1.011719823,0.000023650
0.000002545,-1.019745588,0.000023750
0.000002996,-1.026856065,0.000023850
0.000002788,-1.034952283,0.000023950
0.000002452,-1.042344451,0.000024050
0.000002353,-1.049666166,0.000024150
0.000002659,-1.056988001,0.000024250
0.000002547,-1.064661741,0.000024350
0.000002386,-1.071913123,0.000024450
0.000002556,-1.080290914,0.000024550
0.000002621,-1.086767793,0.000024650
0.000002705,-1.095216036,0.000024750
0.000002870,-1.102326632,0.000024850
0.000002737,-1.110141158,0.000024950
0.000002666,-1.118870974,0.000025050
0.000002699,-1.124362230,0.000025150
0.000002475,-1.131684065,0.000025250
0.000002396,-1.139287353,0.000025350
0.000002327,-1.147735596,0.000025450
0.000002718,-1.155409336,0.000025550
0.000002979,-1.161675096,0.000025650
0.000002957,-1.168222427,0.000025750
0.000002797,-1.175896168,0.000025850
0.000002435,-1.183992386,0.000025950
0.000002629,-1.191384554,0.000026050
0.000002608,-1.198776722,0.000026150
0.000002404,-1.206450462,0.000026250
0.000002667,-1.214617014,0.000026350
0.000003272,-1.222361207,0.000026450
0.000003164,-1.229260564,0.000026550
0.000003334,-1.237145543,0.000026650
0.000002945,-1.242848039,0.000026750
0.000002713,-1.250310659,0.000026850
0.000002666,-1.258617997,0.000026950
0.000002580,-1.266362190,0.000027050
0.000002536,-1.272979975,0.000027150
0.000002544,-1.281146526,0.000027250
0.000002870,-1.289383531,0.000027350
0.000002981,-1.296282887,0.000027450
0.000003056,-1.302900672,0.000027550
0.000002994,-1.310574412,0.000027650
0.000003139,-1.318670630,0.000027750
0.000002786,-1.324373126,0.000027850
0.000002996,-1.332610130,0.000027950
0.000002712,-1.340987921,0.000028050
0.000002369,-1.348028064,0.000028150
0.000002511,-1.355279446,0.000028250
0.000002455,-1.363586783,0.000028350
0.000002690,-1.370978951,0.000028450
0.000003090,-1.378652692,0.000028550
0.000003198,-1.385411263,0.000028650
0.000003095,-1.393437028,0.000028750
0.000003101,-1.400969982,0.000028850
0.000003155,-1.408080578,0.000028950
0.000002821,-1.416247129,0.000029050
0.000002885,-1.424132109,0.000029150
0.000002813,-1.431946635,0.000029250
0.000002778,-1.439409256,0.000029350
0.000002608,-1.445886254,0.000029450
0.000003062,-1.454967976,0.000029550
0.000003004,-1.461092949,0.000029650
0.000003051,-1.468625903,0.000029750
0.000003139,-1.477074027,0.000029850
0.000003185,-1.483762264,0.000029950
0.000003167,-1.491224766,0.000030050
0.000003000,-1.500025034,0.000030150
0.000002601,-1.506009102,0.000030250
0.000002719,-1.513682842,0.000030350
0.000002679,-1.521286249,0.000030450
0.000002888,-1.529312015,0.000030550
0.000002862,-1.536774635,0.000030650
0.000002844,-1.543533206,0.000030750
0.000003214,-1.550432563,0.000030850
0.000003263,-1.558528662,0.000030950
0.000003273,-1.565920830,0.000031050
0.000003169,-1.574298620,0.000031150
0.000003002,-1.581761241,0.000031250
0.000002787,-1.588590145,0.000031350
0.000002615,-1.596123099,0.000031450
0.000002823,-1.603867292,0.000031550
0.000002925,-1.611118674,0.000031650
0.000003023,-1.618088365,0.000031750
0.000003030,-1.626043797,0.000031850
0.000002998,-1.635125637,0.000031950
0.000003188,-1.640546560,0.000032050
0.000003230,-1.648079515,0.000032150
0.000003143,-1.656598091,0.000032250
0.000003068,-1.663779020,0.000032350
0.000002952,-1.670819163,0.000032450
0.000002780,-1.678492904,0.000032550
0.000002661,-1.686307549,0.000032650
0.000002978,-1.694122076,0.000032750
0.000002896,-1.701514244,0.000032850
0.000003087,-1.708765626,0.000032950
0.000003179,-1.716157794,0.000033050
0.000003150,-1.723338723,0.000033150
0.000003148,-1.730801344,0.000033250
0.000003176,-1.738615870,0.000033350
0.000002918,-1.746923208,0.000033450
0.000002886,-1.752907395,0.000033550
0.000003109,-1.760862827,0.000033650
0.000003057,-1.768254995,0.000033750
0.000002938,-1.775928736,0.000033850
0.000003031,-1.783180118,0.000033950
0.000002969,-1.790853858,0.000034050
0.000002934,-1.797330737,0.000034150
0.000003128,-1.804863811,0.000034250
0.000003213,-1.813030362,0.000034350
0.000003086,-1.820422530,0.000034450
0.000002989,-1.828096271,0.000034550
0.000003180,-1.835770011,0.000034650
0.000003087,-1.844077468,0.000034750
0.000003231,-1.851539969,0.000034850
0.000003135,-1.858157754,0.000034950
0.000002864,-1.866465092,0.000035050
0.000002841,-1.874209285,0.000035150
0.000003039,-1.881531000,0.000035250
0.000003156,-1.888852835,0.000035350
0.000003259,-1.895822525,0.000035450
0.000003171,-1.903144360,0.000035550
0.000003250,-1.911662936,0.000035650
0.000003232,-1.918703079,0.000035750
0.000003259,-1.926095247,0.000035850
0.000003218,-1.932924151,0.000035950
0.000003040,-1.940457106,0.000036050
0.000002647,-1.948412538,0.000036150
0.000002851,-1.955804706,0.000036250
0.000003018,-1.964464068,0.000036350
0.000003040,-1.969532967,0.000036450
0.000002999,-1.978192449,0.000036550
0.000003191,-1.985725403,0.000036650
0.000003327,-1.993891954,0.000036750
0.000003151,-2.000650406,0.000036850
0.000003177,-2.009028196,0.000036950
0.000003239,-2.015364408,0.000037050
0.000003060,-2.023953438,0.000037150
0.000002885,-2.030993462,0.000037250
0.000003008,-2.038385630,0.000037350
0.000002991,-2.046341181,0.000037450
0.000003138,-2.053240538,0.000037550
0.000003065,-2.061547756,0.000037650
0.000003241,-2.068869591,0.000037750
0.000003182,-2.075768948,0.000037850
0.000003229,-2.083794832,0.000037950
0.000003300,-2.090553284,0.000038050
0.000003075,-2.098719835,0.000038150
0.000002923,-2.105337620,0.000038250
0.000003257,-2.113856316,0.000038350
0.000003138,-2.121459484,0.000038450
0.000003030,-2.127936602,0.000038550
0.000003076,-2.136384726,0.000038650
0.000003263,-2.143776894,0.000038750
0.000003350,-2.151520967,0.000038850
0.000003225,-2.157927513,0.000038950
0.000003159,-2.166586876,0.000039050
0.000003049,-2.172852755,0.000039150
0.000003058,-2.181089640,0.000039250
0.000003153,-2.187777758,0.000039350
0.000003075,-2.195803642,0.000039450
0.000003148,-2.203829288,0.000039550
0.000003119,-2.210728645,0.000039650
0.000003128,-2.217980146,0.000039750
0.000003195,-2.225794792,0.000039850
0.000003139,-2.232834816,0.000039950
0.000003292,-2.240297318,0.000040050
0.000003279,-2.248534441,0.000040150
0.000003546,-2.255856037,0.000040250
0.000003261,-2.263318777,0.000040350
0.000003317,-2.270429373,0.000040450
0.000002935,-2.277680635,0.000040550
0.000002958,-2.286339998,0.000040650
0.000003524,-2.293873072,0.000040750
0.000003270,-2.300701857,0.000040850
0.000003473,-2.308586836,0.000040950
0.000002992,-2.316331148,0.000041050
0.000003143,-2.322878361,0.000041150
0.000003089,-2.331256151,0.000041250
0.000003239,-2.337803602,0.000041350
0.000003328,-2.346251726,0.000041450
0.000003551,-2.353080750,0.000041550
0.000003049,-2.360191345,0.000041650
0.000003034,-2.367372274,0.000041750
0.000003207,-2.375679493,0.000041850
0.000003031,-2.383775711,0.000041950
0.000003574,-2.390534401,0.000042050
0.000003085,-2.398278475,0.000042150
0.000003443,-2.405740976,0.000042250
0.000003049,-2.413555622,0.000042350
0.000003518,-2.421088696,0.000042450
0.000003716,-2.427565575,0.000042550
0.000003521,-2.435732126,0.000042650
0.000003371,-2.443194628,0.000042750
0.000003530,-2.450657368,0.000042850
0.000003370,-2.458894253,0.000042950
0.000003308,-2.466497660,0.000043050
0.000003275,-2.474101067,0.000043150
0.000003238,-2.481141090,0.000043250
0.000003292,-2.489589214,0.000043350
0.000003373,-2.496136665,0.000043450
0.000003584,-2.504021645,0.000043550
0.000003480,-2.511625051,0.000043650
0.000003346,-2.518665075,0.000043750
0.000003522,-2.526268482,0.000043850
0.000003486,-2.533590317,0.000043950
0.000003384,-2.541545630,0.000044050
0.000003309,-2.548656225,0.000044150
0.000003476,-2.556822777,0.000044250
0.000003415,-2.563440561,0.000044350
0.000003636,-2.570832729,0.000044450
0.000003516,-2.578858614,0.000044550
0.000003437,-2.585265160,0.000044650
0.000003523,-2.591671705,0.000044750
0.000003673,-2.600823879,0.000044850
0.000003727,-2.608075142,0.000044950
0.000003576,-2.616312027,0.000045050
0.000003539,-2.623493195,0.000045150
0.000003397,-2.631096363,0.000045250
0.000003441,-2.638418198,0.000045350
0.000003496,-2.647077560,0.000045450
0.000003585,-2.654540300,0.000045550
0.000003872,-2.662354708,0.000045650
0.000003814,-2.669042826,0.000045750
0.000003779,-2.676083088,0.000045850
0.000003616,-2.683615923,0.000045950
0.000003712,-2.690797091,0.000046050
0.000003677,-2.697625875,0.000046150
0.000003722,-2.705722094,0.000046250
0.000003448,-2.712973595,0.000046350
0.000003573,-2.720506430,0.000046450
0.000003686,-2.728250504,0.000046550
0.000003739,-2.735290766,0.000046650
0.000003705,-2.743316650,0.000046750
0.000003880,-2.750990391,0.000046850
0.000003884,-2.757748842,0.000046950
0.000003747,-2.766337872,0.000047050
0.000003507,-2.773589134,0.000047150
0.000003725,-2.780347824,0.000047250
0.000003828,-2.788091898,0.000047350
0.000003783,-2.795061588,0.000047450
0.000003746,-2.802242756,0.000047550
0.000003871,-2.809282780,0.000047650
0.000003899,-2.818012714,0.000047750
0.000004001,-2.825123072,0.000047850
0.000003882,-2.832726479,0.000047950
0.000004077,-2.840118647,0.000048050
0.000004117,-2.848637342,0.000048150
0.000004044,-2.854621410,0.000048250
0.000003865,-2.862576723,0.000048350
0.000003864,-2.870039463,0.000048450
0.000003850,-2.878487587,0.000048550
0.000003895,-2.885879755,0.000048650
0.000004014,-2.893412590,0.000048750
0.000004064,-2.901297569,0.000048850
0.000003897,-2.909182549,0.000048950
0.000003605,-2.915800333,0.000049050
0.000003688,-2.923122168,0.000049150
0.000003837,-2.930936813,0.000049250
0.000004225,-2.938188076,0.000049350
0.000004352,-2.945157766,0.000049450
0.000004067,-2.952057123,0.000049550
0.000004072,-2.960505247,0.000049650
0.000003950,-2.967545509,0.000049750
0.000003969,-2.975571394,0.000049850
0.000004090,-2.982822657,0.000049950
0.000003968,-2.983737946,0.000050050
0.000002568,-2.976627350,0.000050150
0.000000785,-2.969305515,0.000050250
-0.000000810,-2.961561441,0.000050350
-0.000002006,-2.953465223,0.000050450
-0.000002422,-2.946143389,0.000050550
-0.000002441,-2.939596176,0.000050650
-0.000002354,-2.932063103,0.000050750
-0.000002484,-2.924107790,0.000050850
-0.000002865,-2.916293144,0.000050950
-0.000003006,-2.909956932,0.000051050
-0.000002783,-2.901368141,0.000051150
-0.000002704,-2.893835068,0.000051250
-0.000003074,-2.886302233,0.000051350
-0.000002993,-2.879473209,0.000051450
-0.000002774,-2.872221708,0.000051550
-0.000002885,-2.863421679,0.000051650
-0.000002857,-2.856944561,0.000051750
-0.000003052,-2.849130154,0.000051850
-0.000003106,-2.841174603,0.000051950
-0.000003129,-2.833148956,0.000052050
-0.000003085,-2.826742411,0.000052150
-0.000002894,-2.819631815,0.000052250
-0.000002912,-2.811113358,0.000052350
-0.000003033,-2.803932190,0.000052450
-0.000002732,-2.796399355,0.000052550
-0.000002982,-2.788725615,0.000052650
-0.000003274,-2.781755686,0.000052750
-0.000003200,-2.775067568,0.000052850
-0.000003017,-2.766830683,0.000052950
-0.000002978,-2.759227276,0.000053050
-0.000003012,-2.752398252,0.000053150
-0.000003119,-2.743879795,0.000053250
-0.000003429,-2.736769199,0.000053350
-0.000003478,-2.728884220,0.000053450
-0.000003027,-2.722477674,0.000053550
-0.000003027,-2.714663029,0.000053650
-0.000002909,-2.706426144,0.000053750
-0.000002984,-2.699385881,0.000053850
-0.000003356,-2.691712141,0.000053950
-0.000003509,-2.683897734,0.000054050
-0.000003347,-2.677279949,0.000054150
-0.000002923,-2.670028448,0.000054250
-0.000002953,-2.660946608,0.000054350
-0.000003022,-2.653976917,0.000054450
-0.000003120,-2.646444082,0.000054550
-0.000003313,-2.639122248,0.000054650
-0.000003394,-2.630603552,0.000054750
-0.000003069,-2.624337912,0.000054850
-0.000002870,-2.617156982,0.000054950
-0.000002951,-2.608990431,0.000055050
-0.000002749,-2.601809502,0.000055150
-0.000002803,-2.595121384,0.000055250
-0.000003081,-2.587447405,0.000055350
-0.000003361,-2.579773664,0.000055450
-0.000003428,-2.572663069,0.000055550
-0.000003037,-2.564496517,0.000055650
-0.000002848,-2.557456493,0.000055750
-0.000002866,-2.550416231,0.000055850
-0.000002842,-2.542460918,0.000055950
-0.000002936,-2.534294367,0.000056050
-0.000003133,-2.527324677,0.000056150
-0.000003200,-2.520495653,0.000056250
-0.000003106,-2.513033152,0.000056350
-0.000003006,-2.504936934,0.000056450
-0.000003240,-2.496488571,0.000056550
-0.000003319,-2.489589214,0.000056650
-0.000003126,-2.483253241,0.000056750
-0.000003111,-2.474734545,0.000056850
-0.000002941,-2.467905760,0.000056950
-0.000003176,-2.460583925,0.000057050
-0.000003224,-2.452769279,0.000057150
-0.000003268,-2.444884300,0.000057250
-0.000002866,-2.436295271,0.000057350
-0.000002976,-2.429677486,0.000057450
-0.000003340,-2.422426224,0.000057550
-0.000003528,-2.414330006,0.000057650
-0.000003135,-2.407008410,0.000057750
-0.000002958,-2.399686575,0.000057850
-0.000002771,-2.392083168,0.000057950
-0.000002851,-2.384409428,0.000058050
-0.000002907,-2.376806021,0.000058150
-0.000002958,-2.369906664,0.000058250
-0.000003191,-2.361740112,0.000058350
-0.000003381,-2.354418278,0.000058450
-0.000003375,-2.346744537,0.000058550
-0.000003252,-2.339774847,0.000058650
-0.000003068,-2.331326723,0.000058750
-0.000002908,-2.325623989,0.000058850
-0.000002991,-2.317598343,0.000058950
-0.000002949,-2.310698986,0.000059050
-0.000003052,-2.302743673,0.000059150
-0.000003187,-2.295844316,0.000059250
-0.000003049,-2.287748098,0.000059350
-0.000002941,-2.280567169,0.000059450
-0.000003126,-2.272963762,0.000059550
-0.000003551,-2.264515638,0.000059650
-0.000003367,-2.258109093,0.000059750
-0.000003087,-2.250294447,0.000059850
-0.000003098,-2.243113518,0.000059950
-0.000002819,-2.235439777,0.000060050
-0.000002682,-2.227977037,0.000060150
-0.000002911,-2.219599247,0.000060250
-0.000003153,-2.213052034,0.000060350
-0.000003287,-2.204885483,0.000060450
-0.000003389,-2.197563648,0.000060550
-0.000003329,-2.190101147,0.000060650
-0.000003377,-2.182849646,0.000060750
-0.000003337,-2.175598383,0.000060850
-0.000003152,-2.168276548,0.000060950
-0.000002769,-2.161095619,0.000061050
-0.000002612,-2.151661873,0.000061150
-0.000003003,-2.145395994,0.000061250
-0.000003131,-2.136455059,0.000061350
-0.000002792,-2.129344463,0.000061450
-0.000003041,-2.123078823,0.000061550
-0.000003014,-2.115405083,0.000061650
-0.000002914,-2.108012915,0.000061750
-0.000003311,-2.100409508,0.000061850
-0.000002957,-2.093298912,0.000061950
-0.000003116,-2.084287643,0.000062050
-0.000002837,-2.076965809,0.000062150
-0.000003277,-2.069855213,0.000062250
-0.000002998,-2.062322140,0.000062350
-0.000002963,-2.054859638,0.000062450
-0.000002920,-2.047185898,0.000062550
-0.000003205,-2.040145874,0.000062650
-0.000003113,-2.032401562,0.000062750
-0.000003716,-2.023883104,0.000062850
-0.000003580,-2.017335653,0.000062950
-0.000003049,-2.008887529,0.000063050
-0.000003246,-2.002128839,0.000063150
-0.000002629,-1.994103193,0.000063250
-0.000002921,-1.986781359,0.000063350
-0.000002701,-1.979600430,0.000063450
-0.000003201,-1.972349048,0.000063550
-0.000003131,-1.963971257,0.000063650
-0.000003026,-1.956156731,0.000063750
-0.000003316,-1.950735807,0.000063850
-0.000003246,-1.942710042,0.000063950
-0.000003113,-1.935106635,0.000064050
-0.000002898,-1.927151203,0.000064150
-0.000003111,-1.920251966,0.000064250
-0.000003132,-1.913986206,0.000064350
-0.000003020,-1.906171560,0.000064450
-0.000003008,-1.898497820,0.000064550
-0.000002875,-1.890612841,0.000064650
-0.000002748,-1.883572698,0.000064750
-0.000003050,-1.875687718,0.000064850
-0.000003040,-1.868013978,0.000064950
-0.000003256,-1.861255407,0.000065050
-0.000003194,-1.853863239,0.000065150
-0.000003065,-1.846541524,0.000065250
-0.000003162,-1.838656545,0.000065350
-0.000002970,-1.830841899,0.000065450
-0.000003274,-1.822041750,0.000065550
-0.000003200,-1.814227104,0.000065650
-0.000003152,-1.807186961,0.000065750
-0.000003311,-1.800146818,0.000065850
-0.000003222,-1.792473078,0.000065950
-0.000002692,-1.785784960,0.000066050
-0.000002790,-1.777266383,0.000066150
-0.000003133,-1.769662976,0.000066250
-0.000003205,-1.762834072,0.000066350
-0.000003005,-1.755723476,0.000066450
-0.000003025,-1.748472095,0.000066550
-0.000003282,-1.740305543,0.000066650
-0.000003292,-1.734603047,0.000066750
-0.000003187,-1.725380421,0.000066850
-0.000002965,-1.717354655,0.000066950
-0.000002779,-1.710384846,0.000067050
-0.000003061,-1.702077508,0.000067150
-0.000003120,-1.695248485,0.000067250
-0.000003076,-1.687574744,0.000067350
-0.000003073,-1.680816174,0.000067450
-0.000003124,-1.673353672,0.000067550
-0.000003244,-1.665891051,0.000067650
-0.000003234,-1.658217311,0.000067750
-0.000003119,-1.650965929,0.000067850
-0.000002943,-1.643644214,0.000067950
-0.000003013,-1.635195971,0.000068050
-0.000002980,-1.628015041,0.000068150
-0.000002969,-1.620622873,0.000068250
-0.000003183,-1.613160253,0.000068350
-0.000002954,-1.605979323,0.000068450
-0.000002851,-1.598305583,0.000068550
-0.000003065,-1.591124654,0.000068650
-0.000003229,-1.582606077,0.000068750
-0.000003281,-1.575565815,0.000068850
-0.000003370,-1.568244100,0.000068950
-0.000003207,-1.560992718,0.000069050
-0.000003020,-1.553530216,0.000069150
-0.000003017,-1.545363545,0.000069250
-0.000003100,-1.537901044,0.000069350
-0.000002817,-1.530227304,0.000069450
-0.000002814,-1.522694349,0.000069550
-0.000003063,-1.516217351,0.000069650
-0.000003174,-1.508965969,0.000069750
-0.000003257,-1.500799417,0.000069850
-0.000003322,-1.494111300,0.000069950
-0.000003205,-1.486296654,0.000070050
-0.000002902,-1.478693366,0.000070150
-0.000002979,-1.470878720,0.000070250
-0.000003140,-1.463627338,0.000070350
-0.000003136,-1.456024051,0.000070450
-0.000002996,-1.448561430,0.000070550
-0.000002957,-1.442084551,0.000070650
-0.000002957,-1.434269905,0.000070750
-0.000002984,-1.425892115,0.000070850
-0.000003102,-1.418359160,0.000070950
-0.000003165,-1.410614967,0.000071050
-0.000003125,-1.403152466,0.000071150
-0.000002872,-1.394845009,0.000071250
-0.000003115,-1.387804866,0.000071350
-0.000003253,-1.380271912,0.000071450
-0.000002904,-1.373231769,0.000071550
-0.000003009,-1.364853978,0.000071650
-0.000002916,-1.357884288,0.000071750
-0.000003072,-1.350632906,0.000071850
-0.000003138,-1.342466354,0.000071950
-0.000003227,-1.335848570,0.000072050
-0.000002973,-1.328808427,0.000072150
-0.000002947,-1.320289850,0.000072250
-0.000003205,-1.313179255,0.000072350
-0.000003072,-1.305646300,0.000072450
-0.000003060,-1.298465371,0.000072550
-0.000003062,-1.290439606,0.000072650
-0.000003091,-1.284877777,0.000072750
-0.000003072,-1.276218414,0.000072850
-0.000002853,-1.268263102,0.000072950
-0.000002838,-1.260448456,0.000073050
-0.000002891,-1.255168319,0.000073150
-0.000002842,-1.245523334,0.000073250
-0.000003065,-1.238553643,0.000073350
-0.000003171,-1.231654286,0.000073450
-0.000003065,-1.223276496,0.000073550
-0.000003058,-1.215743542,0.000073650
-0.000003133,-1.207436085,0.000073750
-0.000002972,-1.199973583,0.000073850
-0.000002871,-1.193707824,0.000073950
-0.000002961,-1.185470819,0.000074050
-0.000002857,-1.179205060,0.000074150
-0.000003028,-1.171108961,0.000074250
-0.000003254,-1.163646340,0.000074350
-0.000003154,-1.155831814,0.000074450
-0.000002629,-1.149566054,0.000074550
-0.000002850,-1.141258597,0.000074650
-0.000002959,-1.133866429,0.000074750
-0.000003178,-1.125629544,0.000074850
-0.000003229,-1.118166924,0.000074950
-0.000003140,-1.112675667,0.000075050
-0.000002826,-1.104438663,0.000075150
-0.000002810,-1.098172903,0.000075250
-0.000002939,-1.089865446,0.000075350
-0.000003065,-1.082121372,0.000075450
-0.000003027,-1.074588418,0.000075550
-0.000002756,-1.065858603,0.000075650
-0.000002927,-1.059522390,0.000075750
-0.000002912,-1.051989436,0.000075850
-0.000002736,-1.044315696,0.000075950
-0.000002919,-1.036641955,0.000076050
-0.000002979,-1.029249787,0.000076150
-0.000003140,-1.021505594,0.000076250
-0.000002808,-1.013902187,0.000076350
-0.000002635,-1.006439686,0.000076450
-0.000002852,-0.998202682,0.000076550
-0.000003022,-0.991162539,0.000076650
-0.000003091,-0.983770370,0.000076750
-0.000002785,-0.975955784,0.000076850
-0.000002762,-0.969056427,0.000076950
-0.000003135,-0.961241841,0.000077050
-0.000003158,-0.954553723,0.000077150
-0.000002997,-0.947302341,0.000077250
-0.000002901,-0.938713372,0.000077350
-0.000002931,-0.931461990,0.000077450
-0.000002925,-0.923858643,0.000077550
-0.000003011,-0.916818440,0.000077650
-0.000003072,-0.908581495,0.000077750
-0.000002582,-0.902034163,0.000077850
-0.000002600,-0.893937945,0.000077950
-0.000002722,-0.885841787,0.000078050
-0.000002726,-0.879505634,0.000078150
-0.000002887,-0.872183859,0.000078250
-0.000003010,-0.864228487,0.000078350
-0.000003020,-0.858385146,0.000078450
-0.000002909,-0.849021792,0.000078550
-0.000002860,-0.841770411,0.000078650
-0.000002835,-0.834589422,0.000078750
-0.000002751,-0.826282084,0.000078850
-0.000002944,-0.819241881,0.000078950
-0.000002863,-0.812905788,0.000079050
-0.000002817,-0.804035187,0.000079150
-0.000002810,-0.796220601,0.000079250
-0.000002872,-0.790236473,0.000079350
-0.000002980,-0.781436265,0.000079450
-0.000002845,-0.773692071,0.000079550
-0.000002738,-0.767144740,0.000079650
-0.000002900,-0.759118974,0.000079750
-0.000002936,-0.752149224,0.000079850
-0.000002860,-0.743701041,0.000079950
-0.000002878,-0.737294495,0.000080050
-0.000002900,-0.729761541,0.000080150
-0.000002660,-0.723425388,0.000080250
-0.000002768,-0.714061975,0.000080350
-0.000002665,-0.705965817,0.000080450
-0.000002546,-0.699559271,0.000080550
-0.000002729,-0.691463053,0.000080650
-0.000002959,-0.685056508,0.000080750
-0.000003092,-0.677171528,0.000080850
-0.000003003,-0.669568181,0.000080950
-0.000002876,-0.662105620,0.000081050
-0.000002685,-0.653375804,0.000081150
-0.000002760,-0.647532523,0.000081250
-0.000002818,-0.639647543,0.000081350
-0.000002721,-0.631551325,0.000081450
-0.000002699,-0.624722421,0.000081550
-0.000002598,-0.617611825,0.000081650
-0.000002771,-0.610008478,0.000081750
-0.000002873,-0.601067483,0.000081850
-0.000002985,-0.592619300,0.000081950
-0.000002963,-0.586001515,0.000082050
-0.000002860,-0.578890979,0.000082150
-0.000002735,-0.571780443,0.000082250
-0.000002661,-0.563261807,0.000082350
-0.000002673,-0.555658460,0.000082450
-0.000003116,-0.548970342,0.000082550
-0.000002690,-0.541859746,0.000082650
-0.000002678,-0.533411562,0.000082750
-0.000002496,-0.526793838,0.000082850
-0.000002462,-0.519401670,0.000082950
-0.000003055,-0.511516690,0.000083050
-0.000002700,-0.504054129,0.000083150
-0.000003013,-0.496169150,0.000083250
-0.000002754,-0.488776982,0.000083350
-0.000002947,-0.482088834,0.000083450
-0.000002853,-0.473922253,0.000083550
-0.000002556,-0.466741294,0.000083650
-0.000002419,-0.458363503,0.000083750
-0.000002747,-0.451182544,0.000083850
-0.000002629,-0.443297565,0.000083950
-0.000002855,-0.436046213,0.000084050
-0.000003016,-0.428513259,0.000084150
-0.000002813,-0.420980275,0.000084250
-0.000003257,-0.413517714,0.000084350
-0.000002584,-0.407603979,0.000084450
-0.000003080,-0.398381382,0.000084550
-0.000002570,-0.392045230,0.000084650
-0.000002651,-0.384512275,0.000084750
-0.000002597,-0.375923276,0.000084850
-0.000002798,-0.368390322,0.000084950
-0.000002723,-0.360505342,0.000085050
-0.000002712,-0.354028404,0.000085150
-0.000002661,-0.346565843,0.000085250
-0.000002711,-0.338892072,0.000085350
-0.000002796,-0.331499904,0.000085450
-0.000002766,-0.323826134,0.000085550
-0.000002962,-0.316363573,0.000085650
-0.000002921,-0.309112191,0.000085750
-0.000002604,-0.301790446,0.000085850
-0.000002666,-0.294891089,0.000085950
-0.000002941,-0.286583692,0.000086050
-0.000002759,-0.280529171,0.000086150
-0.000002640,-0.272362590,0.000086250
-0.000002599,-0.265181631,0.000086350
-0.000002760,-0.257296652,0.000086450
-0.000002781,-0.249482080,0.000086550
-0.000002945,-0.241949111,0.000086650
-0.000002866,-0.234979361,0.000086750
-0.000002822,-0.227375984,0.000086850
-0.000002756,-0.219702214,0.000086950
-0.000002727,-0.212802857,0.000087050
-0.000002634,-0.204143479,0.000087150
-0.000002769,-0.196821705,0.000087250
-0.000002829,-0.189359143,0.000087350
-0.000002742,-0.182318985,0.000087450
-0.000002676,-0.174434021,0.000087550
-0.000002740,-0.166549042,0.000087650
-0.000003030,-0.159720093,0.000087750
-0.000003157,-0.151553512,0.000087850
-0.000003022,-0.144935757,0.000087950
-0.000003021,-0.137895599,0.000088050
-0.000002812,-0.129799426,0.000088150
-0.000002487,-0.121703245,0.000088250
-0.000002537,-0.114663087,0.000088350
-0.000002873,-0.107693337,0.000088450
-0.000002884,-0.099808358,0.000088550
-0.000002989,-0.091852985,0.000088650
-0.000003038,-0.084460817,0.000088750
-0.000003128,-0.077139057,0.000088850
-0.000002916,-0.070380509,0.000088950
-0.000002535,-0.062073123,0.000089050
-0.000002758,-0.055103369,0.000089150
-0.000002652,-0.047711205,0.000089250
-0.000002720,-0.040248640,0.000089350
-0.000002659,-0.032645270,0.000089450
-0.000002740,-0.024619494,0.000089550
-0.000002973,-0.017579338,0.000089650
-0.000003224,-0.010750386,0.000089750
-0.000003056,-0.003076616,0.000089850
-0.000002842,0.005019563,0.000089950
-0.000002503,0.009947672,0.000090050
-0.000001438,0.009595665,0.000090150
-0.000000763,0.009384460,0.000090250
-0.000000147,0.009173255,0.000090350
-0.000000124,0.010440484,0.000090450
-0.000000414,0.008328437,0.000090550
-0.000000529,0.009243657,0.000090650
-0.000000732,0.009102854,0.000090750
-0.000000889,0.009595665,0.000090850
-0.000000893,0.010018074,0.000090950
-0.000000712,0.010229278,0.000091050
-0.000000635,0.009525263,0.000091150
-0.000000287,0.009947672,0.000091250
-0.000000126,0.010581287,0.000091350
-0.000000055,0.009736468,0.000091450
-0.000000166,0.009595665,0.000091550
-0.000000379,0.009173255,0.000091650
-0.000000758,0.010440484,0.000091750
-0.000000641,0.009032452,0.000091850
-0.000000768,0.009032452,0.000091950
-0.000000475,0.008680444,0.000092050
-0.000000061,0.009102854,0.000092150
-0.000000115,0.009314058,0.000092250
-0.000000280,0.009102854,0.000092350
-0.000000309,0.008610043,0.000092450
-0.000000351,0.008258035,0.000092550
-0.000000431,0.008610043,0.000092650
-0.000000352,0.009102854,0.000092750
-0.000000418,0.009595665,0.000092850
-0.000000697,0.009947672,0.000092950
-0.000000545,0.009736468,0.000093050
-0.000000520,0.009736468,0.000093150
-0.000000366,0.009384460,0.000093250
-0.000000260,0.009243657,0.000093350
-0.000000269,0.009666067,0.000093450
-0.000000317,0.009243657,0.000093550
-0.000000210,0.008891650,0.000093650
-0.000000149,0.009032452,0.000093750
-0.000000416,0.009947672,0.000093850
-0.000000427,0.009947672,0.000093950
-0.000000493,0.009947672,0.000094050
-0.000000615,0.010581287,0.000094150
-0.000000317,0.008962051,0.000094250
-0.000000407,0.008469240,0.000094350
-0.000000198,0.009243657,0.000094450
-0.000000060,0.008750846,0.000094550
-0.000000217,0.009877271,0.000094650
-0.000000288,0.009595665,0.000094750
-0.000000244,0.008962051,0.000094850
-0.000000464,0.008539641,0.000094950
-0.000000530,0.009595665,0.000095050
-0.000000581,0.010158877,0.000095150
-0.000000511,0.008962051,0.000095250
-0.000000336,0.009525263,0.000095350
-0.000000169,0.009595665,0.000095450
-0.000000359,0.009173255,0.000095550
-0.000000347,0.009173255,0.000095650
-0.000000278,0.010370082,0.000095750
-0.000000336,0.009947672,0.000095850
-0.000000140,0.009947672,0.000095950
-0.000000204,0.009173255,0.000096050
-0.000000519,0.009384460,0.000096150
-0.000000461,0.009595665,0.000096250
-0.000000301,0.010510885,0.000096350
-0.000000464,0.008750846,0.000096450
-0.000000583,0.009595665,0.000096550
-0.000000461,0.010299681,0.000096650
-0.000000204,0.009877271,0.000096750
-0.000000079,0.009595665,0.000096850
-0.000000201,0.009032452,0.000096950
-0.000000341,0.009525263,0.000097050
-0.000000489,0.009525263,0.000097150
-0.000000269,0.009243657,0.000097250
-0.000000130,0.009032452,0.000097350
-0.000000495,0.009736468,0.000097450
-0.000000322,0.009314058,0.000097550
-0.000000156,0.009102854,0.000097650
-0.000000242,0.009525263,0.000097750
-0.000000178,0.010510885,0.000097850
-0.000000527,0.009173255,0.000097950
-0.000000658,0.009384460,0.000098050
-0.000000328,0.009736468,0.000098150
-0.000000146,0.009877271,0.000098250
-0.000000344,0.008680444,0.000098350
-0.000000231,0.009384460,0.000098450
-0.000000117,0.009736468,0.000098550
-0.000000533,0.010158877,0.000098650
-0.000000291,0.009454861,0.000098750
-0.000000074,0.009947672,0.000098850
-0.000000260,0.009173255,0.000098950
-0.000000531,0.008469240,0.000099050
-0.000000414,0.010792491,0.000099150
-0.000000540,0.009384460,0.000099250
-0.000000228,0.010792491,0.000099350
-0.000000164,0.010370082,0.000099450
-0.000000161,0.009947672,0.000099550
-0.000000152,0.009243657,0.000099650
-0.000000414,0.010229278,0.000099750
-0.000000569,0.008539641,0.000099850
-0.000000443,0.009595665,0.000099950
-0.000000357,0.009806870,0.000100050
-0.000000445,0.010088475,0.000100150
-0.000000286,0.009877271,0.000100250
-0.000000156,0.009666067,0.000100350
-0.000000170,0.009595665,0.000100450
-0.000000047,0.010299681,0.000100550
-0.000000071,0.009102854,0.000100650
-0.000000401,0.010088475,0.000100750
-0.000000416,0.008539641,0.000100850
-0.000000296,0.009384460,0.000100950
-0.000000410,0.009666067,0.000101050
-0.000000345,0.009525263,0.000101150
-0.000000287,0.009877271,0.000101250
-0.000000342,0.009454861,0.000101350
-0.000000254,0.008962051,0.000101450
-0.000000332,0.009243657,0.000101550
-0.000000472,0.010440484,0.000101650
-0.000000438,0.010510885,0.000101750
-0.000000277,0.009595665,0.000101850
0.000000071,0.009736468,0.000101950
0.000000013,0.010018074,0.000102050
-0.000000338,0.009314058,0.000102150
-0.000000119,0.009947672,0.000102250
-0.000000306,0.009454861,0.000102350
-0.000000258,0.009595665,0.000102450
-0.000000009,0.009736468,0.000102550
-0.000000597,0.009877271,0.000102650
-0.000000785,0.010018074,0.000102750
-0.000000587,0.010299681,0.000102850
-0.000000325,0.009947672,0.000102950
-0.000000045,0.010158877,0.000103050
-0.000000144,0.009806870,0.000103150
-0.000000129,0.009947672,0.000103250
-0.000000335,0.010088475,0.000103350
-0.000000217,0.009736468,0.000103450
-0.000000280,0.010933294,0.000103550
-0.000000134,0.010933294,0.000103650
-0.000000655,0.010088475,0.000103750
-0.000000358,0.008821247,0.000103850
-0.000000282,0.009243657,0.000103950
-0.000000204,0.009314058,0.000104050
-0.000000371,0.010722090,0.000104150
-0.000000601,0.009525263,0.000104250
-0.000000190,0.009243657,0.000104350
-0.000000289,0.010651688,0.000104450
0.000000155,0.009877271,0.000104550
-0.000000222,0.009173255,0.000104650
-0.000000271,0.009877271,0.000104750
-0.000000402,0.009736468,0.000104850
-0.000000209,0.008680444,0.000104950
-0.000000165,0.009525263,0.000105050
-0.000000142,0.009736468,0.000105150
-0.000000419,0.007976429,0.000105250
-0.000000574,0.009454861,0.000105350
-0.000000183,0.009595665,0.000105450
-0.000000590,0.010158877,0.000105550
-0.000000152,0.010651688,0.000105650
-0.000000236,0.010088475,0.000105750
-0.000000006,0.010299681,0.000105850
-0.000000562,0.010299681,0.000105950
-0.000000055,0.009806870,0.000106050
-0.000000081,0.009454861,0.000106150
-0.000000253,0.009806870,0.000106250
-0.000000399,0.009947672,0.000106350
-0.000000409,0.008469240,0.000106450
-0.000000378,0.010158877,0.000106550
-0.000000289,0.009595665,0.000106650
-0.000000230,0.010088475,0.000106750
-0.000000056,0.010370082,0.000106850
0.000000034,0.010158877,0.000106950
-0.000000170,0.009806870,0.000107050
-0.000000341,0.010862892,0.000107150
-0.000000347,0.010158877,0.000107250
-0.000000290,0.009102854,0.000107350
-0.000000449,0.009454861,0.000107450
-0.000000342,0.009806870,0.000107550
0.000000029,0.009454861,0.000107650
0.000000109,0.009666067,0.000107750
-0.000000330,0.009032452,0.000107850
-0.000000196,0.010510885,0.000107950
-0.000000232,0.010440484,0.000108050
-0.000000318,0.010299681,0.000108150
-0.000000278,0.009243657,0.000108250
-0.000000292,0.010158877,0.000108350
-0.000000464,0.009454861,0.000108450
-0.000000355,0.009314058,0.000108550
-0.000000100,0.010370082,0.000108650
-0.000000170,0.010299681,0.000108750
-0.000000201,0.009666067,0.000108850
-0.000000222,0.010862892,0.000108950
-0.000000354,0.010088475,0.000109050
-0.000000120,0.009384460,0.000109150
-0.000000259,0.009877271,0.000109250
-0.000000131,0.009877271,0.000109350
-0.000000347,0.009877271,0.000109450
-0.000000320,0.010088475,0.000109550
-0.000000364,0.009947672,0.000109650
-0.000000441,0.009736468,0.000109750
-0.000000277,0.010229278,0.000109850
-0.000000235,0.009666067,0.000109950
-0.000000520,0.014101365,0.000110050
-0.000001459,0.021634331,0.000110150
-0.000002003,0.028252078,0.000110250
-0.000002187,0.035362635,0.000110350
-0.000002287,0.043670021,0.000110450
-0.000002345,0.050217364,0.000110550
-0.000002351,0.057820734,0.000110650
-0.000002421,0.065424100,0.000110750
-0.000002581,0.072957069,0.000110850
-0.000002281,0.080842040,0.000110950
-0.000002498,0.087530196,0.000111050
-0.000002437,0.095837578,0.000111150
-0.000002224,0.102948137,0.000111250
-0.000002266,0.110762708,0.000111350
-0.000002401,0.118084468,0.000111450
-0.000002483,0.125054225,0.000111550
-0.000002639,0.132798389,0.000111650
-0.000002589,0.139345735,0.000111750
-0.000002755,0.147160307,0.000111850
-0.000002677,0.156312510,0.000111950
-0.000002535,0.163071066,0.000112050
-0.000002738,0.170040816,0.000112150
-0.000002867,0.177503392,0.000112250
-0.000002824,0.184895545,0.000112350
-0.000002749,0.193062127,0.000112450
-0.000002576,0.200243086,0.000112550
-0.000002611,0.207001641,0.000112650
-0.000002821,0.216083437,0.000112750
-0.000003008,0.223475605,0.000112850
-0.000003083,0.231149375,0.000112950
-0.000002909,0.238611937,0.000113050
-0.000003031,0.245511293,0.000113150
-0.000002733,0.252903461,0.000113250
-0.000002828,0.260929227,0.000113350
-0.000002835,0.268251002,0.000113450
-0.000002801,0.275009543,0.000113550
-0.000002811,0.283105731,0.000113650
-0.000002833,0.291413099,0.000113750
-0.000002938,0.298523664,0.000113850
-0.000003090,0.306056648,0.000113950
-0.000003075,0.313096792,0.000114050
-0.000002844,0.320911378,0.000114150
-0.000002835,0.328373939,0.000114250
-0.000002907,0.334921271,0.000114350
-0.000002924,0.342735857,0.000114450
-0.000003046,0.350268811,0.000114550
-0.000003030,0.357731372,0.000114650
-0.000002897,0.365405142,0.000114750
-0.000003072,0.373642147,0.000114850
-0.000003176,0.381104708,0.000114950
-0.000003237,0.388426453,0.000115050
-0.000003087,0.395044208,0.000115150
-0.000003108,0.401591539,0.000115250
-0.000003088,0.410954952,0.000115350
-0.000003067,0.417643100,0.000115450
-0.000003190,0.425809681,0.000115550
-0.000003155,0.432638645,0.000115650
-0.000003097,0.440030813,0.000115750
-0.000003067,0.447986186,0.000115850
-0.000003251,0.454955935,0.000115950
-0.000003031,0.462066501,0.000116050
-0.000002893,0.468895435,0.000116150
-0.000002961,0.476921231,0.000116250
-0.000003290,0.485651016,0.000116350
-0.000003346,0.492620766,0.000116450
-0.000003052,0.498675317,0.000116550
-0.000003247,0.507264316,0.000116650
-0.000003501,0.514022827,0.000116750
-0.000003315,0.521414995,0.000116850
-0.000003264,0.529511213,0.000116950
-0.000003137,0.536973774,0.000117050
-0.000003194,0.545281112,0.000117150
-0.000003151,0.551828504,0.000117250
-0.000002962,0.559783876,0.000117350
-0.000002937,0.567528009,0.000117450
-0.000003336,0.574075401,0.000117550
-0.000003431,0.582101166,0.000117650
-0.000003384,0.589845300,0.000117750
-0.000003109,0.596955895,0.000117850
-0.000003132,0.604348063,0.000117950
-0.000003334,0.611036181,0.000118050
-0.000003115,0.619765997,0.000118150
-0.000003323,0.626313329,0.000118250
-0.000003557,0.634339094,0.000118350
-0.000003666,0.641238451,0.000118450
-0.000003222,0.649897873,0.000118550
-0.000003029,0.656093180,0.000118650
-0.000003115,0.664541364,0.000118750
-0.000003511,0.672074378,0.000118850
-0.000003473,0.679677725,0.000118950
-0.000003399,0.686225057,0.000119050
-0.000003552,0.694462061,0.000119150
-0.000003372,0.701995015,0.000119250
-0.000003260,0.709105551,0.000119350
-0.000003074,0.715793729,0.000119450
-0.000003224,0.724734724,0.000119550
-0.000003203,0.731986105,0.000119650
-0.000003346,0.739800632,0.000119750
-0.000003283,0.746559203,0.000119850
-0.000003237,0.755289018,0.000119950
-0.000003779,0.762188375,0.000120050
-0.000003647,0.769087672,0.000120150
-0.000003632,0.776479840,0.000120250
-0.000003669,0.784505665,0.000120350
-0.000003413,0.791334569,0.000120450
-0.000003137,0.799501181,0.000120550
-0.000003359,0.806189299,0.000120650
-0.000003611,0.814003885,0.000120750
-0.000003231,0.821677685,0.000120850
-0.000003385,0.829914629,0.000120950
-0.000003512,0.837306798,0.000121050
-0.000003431,0.845543802,0.000121150
-0.000003638,0.851739109,0.000121250
-0.000003652,0.859483302,0.000121350
-0.000003661,0.867509067,0.000121450
-0.000003043,0.875253260,0.000121550
-0.000003063,0.882223010,0.000121650
-0.000003172,0.890107989,0.000121750
-0.000003198,0.897640944,0.000121850
-0.000003247,0.905173898,0.000121950
-0.000003198,0.911228478,0.000122050
-0.000003596,0.919043005,0.000122150
-0.000003871,0.926294386,0.000122250
-0.000003788,0.935657799,0.000122350
-0.000003400,0.941641927,0.000122450
-0.000003228,0.948541284,0.000122550
-0.000003048,0.957411885,0.000122650
-0.000003024,0.963184774,0.000122750
-0.000003215,0.970928967,0.000122850
-0.000003361,0.978250742,0.000122950
-0.000003811,0.986417294,0.000123050
-0.000003883,0.994513512,0.000123150
-0.000003890,1.001342416,0.000123250
-0.000003661,1.008945823,0.000123350
-0.000003553,1.015845180,0.000123450
-0.000003306,1.024222970,0.000123550
-0.000003571,1.030629516,0.000123650
-0.000003417,1.039288878,0.000123750
-0.000003176,1.045906663,0.000123850
-0.000003280,1.054284453,0.000123950
-0.000003490,1.061465383,0.000124050
-0.000003535,1.069843173,0.000124150
-0.000003646,1.075616121,0.000124250
-0.000003618,1.084134698,0.000124350
-0.000003630,1.091808438,0.000124450
-0.000003380,1.100045443,0.000124550
-0.000003643,1.107789636,0.000124650
-0.000003336,1.113984942,0.000124750
-0.000003120,1.121799469,0.000124850
-0.000003558,1.129684448,0.000124950
-0.000003377,1.136231780,0.000125050
-0.000003518,1.144891262,0.000125150
-0.000003572,1.151086569,0.000125250
-0.000003508,1.158689976,0.000125350
-0.000003930,1.165941238,0.000125450
-0.000003472,1.174530268,0.000125550
-0.000003666,1.181570411,0.000125650
-0.000003363,1.189666629,0.000125750
-0.000003729,1.195369124,0.000125850
-0.000003190,1.203606129,0.000125950
-0.000003296,1.211420655,0.000126050
-0.000003369,1.219235301,0.000126150
-0.000003720,1.226768255,0.000126250
-0.000003422,1.235286832,0.000126350
-0.000003675,1.242960572,0.000126450
-0.000003858,1.248803973,0.000126550
-0.000003484,1.257885695,0.000126650
-0.000003734,1.264010668,0.000126750
-0.000003194,1.272247672,0.000126850
-0.000003473,1.279639840,0.000126950
-0.000003393,1.286539197,0.000127050
-0.000003875,1.294072151,0.000127150
-0.000003492,1.302801967,0.000127250
-0.000003517,1.308645248,0.000127350
-0.000003673,1.315051794,0.000127450
-0.000003551,1.323922396,0.000127550
-0.000003430,1.330751300,0.000127650
-0.000003488,1.338143468,0.000127750
-0.000003531,1.344620466,0.000127850
-0.000003580,1.353209496,0.000127950
-0.000003483,1.361235261,0.000128050
-0.000003533,1.367993832,0.000128150
-0.000003634,1.376512408,0.000128250
-0.000003636,1.383552551,0.000128350
-0.000003692,1.390240669,0.000128450
-0.000003421,1.398196101,0.000128550
-0.000003327,1.405025005,0.000128650
-0.000003499,1.413332343,0.000128750
-0.000003475,1.420865297,0.000128850
-0.000003250,1.428539157,0.000128950
-0.000003533,1.435790420,0.000129050
-0.000003988,1.444309115,0.000129150
-0.000003669,1.452194095,0.000129250
-0.000003453,1.459867835,0.000129350
-0.000003740,1.465359092,0.000129450
-0.000003838,1.473666549,0.000129550
-0.000003688,1.481340289,0.000129650
-0.000003734,1.488450885,0.000129750
-0.000003563,1.495350242,0.000129850
-0.000003171,1.503587127,0.000129950
-0.000003126,1.510697722,0.000130050
-0.000003355,1.519145966,0.000130150
-0.000003923,1.526819706,0.000130250
-0.000003892,1.533015013,0.000130350
-0.000004000,1.540688753,0.000130450
-0.000003810,1.548010588,0.000130550
-0.000003551,1.555684328,0.000130650
-0.000003374,1.563358068,0.000130750
-0.000003405,1.570257425,0.000130850
-0.000003412,1.577860832,0.000130950
-0.000003404,1.586379409,0.000131050
-0.000003667,1.592293143,0.000131150
-0.000003779,1.600670934,0.000131250
-0.000003792,1.608626246,0.000131350
-0.000003734,1.616792917,0.000131450
-0.000003646,1.623269796,0.000131550
-0.000003342,1.630873203,0.000131650
-0.000003467,1.638265371,0.000131750
-0.000003795,1.646220684,0.000131850
-0.000003607,1.653472066,0.000131950
-0.000003407,1.660371423,0.000132050
-0.000003586,1.668115616,0.000132150
-0.000003583,1.674592614,0.000132250
-0.000003611,1.683392763,0.000132350
-0.000003624,1.690151334,0.000132450
-0.000003727,1.697825074,0.000132550
-0.000003837,1.705217242,0.000132650
-0.000003947,1.712327838,0.000132750
-0.000003738,1.720142365,0.000132850
-0.000003498,1.727252960,0.000132950
-0.000003475,1.735137939,0.000133050
-0.000003793,1.742389321,0.000133150
-0.000003686,1.749570251,0.000133250
-0.000003528,1.757455230,0.000133350
-0.000003624,1.764776945,0.000133450
-0.000003681,1.772732377,0.000133550
-0.000003591,1.780054092,0.000133650
-0.000003822,1.787305474,0.000133750
-0.000003794,1.793852806,0.000133850
-0.000003894,1.802441835,0.000133950
-0.000003939,1.810186028,0.000134050
-0.000003636,1.817718983,0.000134150
-0.000003458,1.825040698,0.000134250
-0.000003636,1.832855225,0.000134350
-0.000003748,1.840247393,0.000134450
-0.000003700,1.848202825,0.000134550
-0.000003931,1.855172515,0.000134650
-0.000003768,1.862987161,0.000134750
-0.000003771,1.870379329,0.000134850
-0.000003691,1.878475428,0.000134950
-0.000003524,1.885163665,0.000135050
-0.000003767,1.893682241,0.000135150
-0.000003824,1.899877548,0.000135250
-0.000003857,1.908748150,0.000135350
-0.000003884,1.915436268,0.000135450
-0.000003856,1.923250914,0.000135550
-0.000003666,1.930291057,0.000135650
-0.000003664,1.937542439,0.000135750
-0.000003587,1.944512129,0.000135850
-0.000003736,1.952256322,0.000135950
-0.000003830,1.960282087,0.000136050
-0.000003876,1.966970205,0.000136150
-0.000003679,1.975066423,0.000136250
-0.000003639,1.983162642,0.000136350
-0.000003796,1.989780307,0.000136450
-0.000003807,1.997665286,0.000136550
-0.000004070,2.005057573,0.000136650
-0.000003917,2.012449741,0.000136750
-0.000003869,2.020264149,0.000136850
-0.000003844,2.027374744,0.000136950
-0.000003613,2.035400629,0.000137050
-0.000003668,2.041807175,0.000137150
-0.000003833,2.050607204,0.000137250
-0.000004007,2.058210611,0.000137350
-0.000003803,2.065039635,0.000137450
-0.000003770,2.073065281,0.000137550
-0.000004097,2.080457449,0.000137650
-0.000004117,2.088764906,0.000137750
-0.000004111,2.094467402,0.000137850
-0.000003938,2.102633953,0.000137950
-0.000003632,2.109815121,0.000138050
-0.000003862,2.117277622,0.000138150
-0.000003739,2.124388218,0.000138250
-0.000003717,2.132625103,0.000138350
-0.000003729,2.139383554,0.000138450
-0.000003944,2.148324728,0.000138550
-0.000004157,2.155575991,0.000138650
-0.000004004,2.162545681,0.000138750
-0.000003963,2.170008421,0.000138850
-0.000003910,2.177752495,0.000138950
-0.000003964,2.185496807,0.000139050
-0.000004127,2.192607164,0.000139150
-0.000003833,2.199084282,0.000139250
-0.000003847,2.207250834,0.000139350
-0.000004045,2.215628624,0.000139450
-0.000004004,2.223583937,0.000139550
-0.000003900,2.229568005,0.000139650
-0.000004237,2.237945795,0.000139750
-0.000004057,2.245549202,0.000139850
-0.000003895,2.253082275,0.000139950
-0.000003847,2.260967255,0.000140050
-0.000003973,2.268288851,0.000140150
-0.000004000,2.275188208,0.000140250
-0.000003980,2.283002853,0.000140350
-0.000003952,2.290324688,0.000140450
-0.000004331,2.297716856,0.000140550
-0.000004266,2.304897785,0.000140650
-0.000004122,2.312078714,0.000140750
-0.000003996,2.320738077,0.000140850
-0.000004031,2.327919006,0.000140950
-0.000004222,2.335522413,0.000141050
-0.000004037,2.342844248,0.000141150
-0.000003842,2.349180222,0.000141250
-0.000004132,2.356713295,0.000141350
-0.000004107,2.364316702,0.000141450
-0.000003858,2.371708870,0.000141550
-0.000003981,2.379171371,0.000141650
-0.000004194,2.387267590,0.000141750
-0.000004346,2.394096613,0.000141850
-0.000004002,2.402474403,0.000141950
-0.000004147,2.409373760,0.000142050
-0.000004414,2.416765928,0.000142150
-0.000004215,2.423594713,0.000142250
-0.000004120,2.431761265,0.000142350
-0.000004156,2.439787149,0.000142450
-0.000004166,2.447249651,0.000142550
-0.000004172,2.455557108,0.000142650
-0.000004398,2.462738037,0.000142750
-0.000004292,2.470482111,0.000142850
-0.000004197,2.476888657,0.000142950
-0.000004173,2.484492064,0.000143050
-0.000004041,2.491602659,0.000143150
-0.000003950,2.499276400,0.000143250
-0.000004142,2.507865429,0.000143350
-0.000004167,2.514835119,0.000143450
-0.000004439,2.522297859,0.000143550
-0.000004319,2.530041933,0.000143650
-0.000004224,2.537293196,0.000143750
-0.000004220,2.543840647,0.000143850
-0.000004069,2.551655293,0.000143950
-0.000004217,2.559258461,0.000144050
-0.000004197,2.566861868,0.000144150
-0.000004187,2.574887753,0.000144250
-0.000004203,2.582209587,0.000144350
-0.000004427,2.589883327,0.000144450
-0.000004382,2.597204924,0.000144550
-0.000004529,2.604245186,0.000144650
-0.000004409,2.611074209,0.000144750
-0.000004290,2.619381428,0.000144850
-0.000004356,2.628111362,0.000144950
-0.000004194,2.634306669,0.000145050
-0.000004185,2.642191648,0.000145150
-0.000004501,2.650639772,0.000145250
-0.000004655,2.658102274,0.000145350
-0.000004459,2.666128159,0.000145450
-0.000004639,2.673731565,0.000145550
-0.000004271,2.679926872,0.000145650
-0.000004321,2.688234329,0.000145750
-0.000004423,2.695415258,0.000145850
-0.000004464,2.702173710,0.000145950
-0.000004338,2.710481167,0.000146050
-0.000004682,2.718154907,0.000146150
-0.000004352,2.724138975,0.000146250
-0.000004235,2.732516766,0.000146350
-0.000004453,2.740261078,0.000146450
-0.000004301,2.747723579,0.000146550
-0.000004707,2.754411697,0.000146650
-0.000004262,2.763071060,0.000146750
-0.000004508,2.769618511,0.000146850
-0.000004440,2.777362585,0.000146950
-0.000004625,2.785388470,0.000147050
-0.000004674,2.791935682,0.000147150
-0.000004605,2.799750328,0.000147250
-0.000004493,2.806086540,0.000147350
-0.000004260,2.813971519,0.000147450
-0.000004308,2.821856499,0.000147550
-0.000004586,2.829741478,0.000147650
-0.000004924,2.836781502,0.000147750
-0.000004463,2.844525814,0.000147850
-0.000004716,2.852410555,0.000147950
-0.000004293,2.859169245,0.000148050
-0.000005080,2.867054224,0.000148150
-0.000004854,2.874939203,0.000148250
-0.000005156,2.883316994,0.000148350
-0.000004895,2.890146017,0.000148450
-0.000004559,2.897960424,0.000148550
-0.000004316,2.904930353,0.000148650
-0.000005045,2.912463188,0.000148750
-0.000005049,2.919503450,0.000148850
-0.000004841,2.927317858,0.000148950
-0.000004789,2.934498787,0.000149050
-0.000005010,2.943087816,0.000149150
-0.000005007,2.949846506,0.000149250
-0.000004670,2.957309008,0.000149350
-0.000004852,2.965334892,0.000149450
-0.000004866,2.972445250,0.000149550
-0.000004934,2.979978323,0.000149650
-0.000005301,2.986948013,0.000149750
-0.000004939,2.995677948,0.000149850
-0.000004862,3.001802683,0.000149950
-0.000004280,3.003633261,0.000150050
-0.000001378,2.996592999,0.000150150
0.000000937,2.989060163,0.000150250
0.000002119,2.980963945,0.000150350
0.000002069,2.973783016,0.000150450
0.000001900,2.965686798,0.000150550
0.000002030,2.958857775,0.000150650
0.000002434,2.950691223,0.000150750
0.000002281,2.942665577,0.000150850
0.000002215,2.936470032,0.000150950
0.000002459,2.929641247,0.000151050
0.000002053,2.921685696,0.000151150
0.000001947,2.913378477,0.000151250
0.000002195,2.907112598,0.000151350
0.000002438,2.898734808,0.000151450
0.000002414,2.891483545,0.000151550
0.000002468,2.885006666,0.000151650
0.000002597,2.877051115,0.000151750
0.000002433,2.869518280,0.000151850
0.000002812,2.861492395,0.000151950
0.000002778,2.853888988,0.000152050
0.000002681,2.846285820,0.000152150
0.000002663,2.838259935,0.000152250
0.000002675,2.830586195,0.000152350
0.000002412,2.822208405,0.000152450
0.000002536,2.816294670,0.000152550
0.000002163,2.807846546,0.000152650
0.000002322,2.799890995,0.000152750
0.000002631,2.792921305,0.000152850
0.000003054,2.785881281,0.000152950
0.000002965,2.779052258,0.000153050
0.000002803,2.771378517,0.000153150
0.000002428,2.763071060,0.000153250
0.000002486,2.755467653,0.000153350
0.000002760,2.748568296,0.000153450
0.000002608,2.741528273,0.000153550
0.000002781,2.733150482,0.000153650
0.000003079,2.725898981,0.000153750
0.000002933,2.718718052,0.000153850
0.000002784,2.711255550,0.000153950
0.000002818,2.704497099,0.000154050
0.000002724,2.696612120,0.000154150
0.000002779,2.688515902,0.000154250
0.000002748,2.682390928,0.000154350
0.000002518,2.674857855,0.000154450
0.000002474,2.667184114,0.000154550
0.000002788,2.659440041,0.000154650
0.000003103,2.652118206,0.000154750
0.000003272,2.643388510,0.000154850
0.000003031,2.635573864,0.000154950
0.000003053,2.628744841,0.000155050
0.000002642,2.621775150,0.000155150
0.000002637,2.612974882,0.000155250
0.000002420,2.606427670,0.000155350
0.000002656,2.599035501,0.000155450
0.000002803,2.591573000,0.000155550
0.000002987,2.584180832,0.000155650
0.000003243,2.576647758,0.000155750
0.000003087,2.569466829,0.000155850
0.000003003,2.561229706,0.000155950
0.000002921,2.553908110,0.000156050
0.000003108,2.546586275,0.000156150
0.000002940,2.538771629,0.000156250
0.000002776,2.531238794,0.000156350
0.000002974,2.524761915,0.000156450
0.000002769,2.517440081,0.000156550
0.000002545,2.509343863,0.000156650
0.000002840,2.501881361,0.000156750
0.000002963,2.494277954,0.000156850
0.000003136,2.485125780,0.000156950
0.000003178,2.479845524,0.000157050
0.000003354,2.472594261,0.000157150
0.000003065,2.464920521,0.000157250
0.000002957,2.456472397,0.000157350
0.000002906,2.448728085,0.000157450
0.000002884,2.441476822,0.000157550
0.000002631,2.433521271,0.000157650
0.000002703,2.425706863,0.000157750
0.000002767,2.419089079,0.000157850
0.000002955,2.410852194,0.000157950
0.000002955,2.404938459,0.000158050
0.000003116,2.397475719,0.000158150
0.000003108,2.388464451,0.000158250
0.000002951,2.381072283,0.000158350
0.000002848,2.374595165,0.000158450
0.000002827,2.366217613,0.000158550
0.000002864,2.359318256,0.000158650
0.000002835,2.351996422,0.000158750
0.000003008,2.343970537,0.000158850
0.000002972,2.335803986,0.000158950
0.000002863,2.329256773,0.000159050
0.000002891,2.321864605,0.000159150
0.000002952,2.314049959,0.000159250
0.000002963,2.306657791,0.000159350
0.000003070,2.300040007,0.000159450
0.000002948,2.291662216,0.000159550
0.000002839,2.285255671,0.000159650
0.000002970,2.276807547,0.000159750
0.000002852,2.269696951,0.000159850
0.000002617,2.262234449,0.000159950
0.000002682,2.254842281,0.000160050
0.000002974,2.247520447,0.000160150
0.000003123,2.239283562,0.000160250
0.000003057,2.231328011,0.000160350
0.000003081,2.224287987,0.000160450
0.000003286,2.216332674,0.000160550
0.000003214,2.209714890,0.000160650
0.000002943,2.201970577,0.000160750
0.000002830,2.195071220,0.000160850
0.000002692,2.186130285,0.000160950
0.000002859,2.180357456,0.000161050
0.000002992,2.172472477,0.000161150
0.000003056,2.163742542,0.000161250
0.000003053,2.157124758,0.000161350
0.000002939,2.149591923,0.000161450
0.000002851,2.141988516,0.000161550
0.000002798,2.133751631,0.000161650
0.000002814,2.126570702,0.000161750
0.000002890,2.119882345,0.000161850
0.000003128,2.111363888,0.000161950
0.000002959,2.104253292,0.000162050
0.000002700,2.097776413,0.000162150
0.000002803,2.089468956,0.000162250
0.000002864,2.081583977,0.000162350
0.000002882,2.074825525,0.000162450
0.000002962,2.066518068,0.000162550
0.000003159,2.060815573,0.000162650
0.000003051,2.052649021,0.000162750
0.000003056,2.044904709,0.000162850
0.000003035,2.036456585,0.000162950
0.000002909,2.030050039,0.000163050
0.000002887,2.021813154,0.000163150
0.000002830,2.014631987,0.000163250
0.000002992,2.006958246,0.000163350
0.000003019,1.999284506,0.000163450
0.000003008,1.992174029,0.000163550
0.000002874,1.984359384,0.000163650
0.000002940,1.976544857,0.000163750
0.000003001,1.969363928,0.000163850
0.000002876,1.962394118,0.000163950
0.000002880,1.954016328,0.000164050
0.000002823,1.947046638,0.000164150
0.000002858,1.940499306,0.000164250
0.000002942,1.932755113,0.000164350
0.000002873,1.925151706,0.000164450
0.000002744,1.917689204,0.000164550
0.000002752,1.909874558,0.000164650
0.000002788,1.902693629,0.000164750
0.000002976,1.894527078,0.000164850
0.000002674,1.887627721,0.000164950
0.000002764,1.880094767,0.000165050
0.000003150,1.872913718,0.000165150
0.000003097,1.864465594,0.000165250
0.000003065,1.856087804,0.000165350
0.000003068,1.849822044,0.000165450
0.000003022,1.842218637,0.000165550
0.000003105,1.834474564,0.000165650
0.000002843,1.826730371,0.000165750
0.000002806,1.819267750,0.000165850
0.000002875,1.811523557,0.000165950
0.000002724,1.804694653,0.000166050
0.000002913,1.797795296,0.000166150
0.000002966,1.789487958,0.000166250
0.000002927,1.782236576,0.000166350
0.000003126,1.775266767,0.000166450
0.000003082,1.767029762,0.000166550
0.000003006,1.759989619,0.000166650
0.000002530,1.752456665,0.000166750
0.000002607,1.743938088,0.000166850
0.000002828,1.737320304,0.000166950
0.000002952,1.729857802,0.000167050
0.000003285,1.721198440,0.000167150
0.000003052,1.715425491,0.000167250
0.000002602,1.707892537,0.000167350
0.000002975,1.700781941,0.000167450
0.000003237,1.692896962,0.000167550
0.000003105,1.684448838,0.000167650
0.000003135,1.678042293,0.000167750
0.000002433,1.670579672,0.000167850
0.000002625,1.663187504,0.000167950
0.000002825,1.655232191,0.000168050
0.000002931,1.648825645,0.000168150
0.000002753,1.640025377,0.000168250
0.000002686,1.631718040,0.000168350
0.000003058,1.624889016,0.000168450
0.000003310,1.616511226,0.000168550
0.000003052,1.610456705,0.000168650
0.000003042,1.603205442,0.000168750
0.000003074,1.594897985,0.000168850
0.000002599,1.587365031,0.000168950
0.000002732,1.579198480,0.000169050
0.000002529,1.573003173,0.000169150
0.000003119,1.565118194,0.000169250
0.000002543,1.558077931,0.000169350
0.000003056,1.550122619,0.000169450
0.000003006,1.542378426,0.000169550
0.000003339,1.533859849,0.000169650
0.000003069,1.527734876,0.000169750
0.000002951,1.520131588,0.000169850
0.000002663,1.512246609,0.000169950
0.000002580,1.504431963,0.000170050
0.000002742,1.497603059,0.000170150
0.000002862,1.490703702,0.000170250
0.000002776,1.482537150,0.000170350
0.000002820,1.475074530,0.000170450
0.000002757,1.467893600,0.000170550
0.000002909,1.460290194,0.000170650
0.000002879,1.452898026,0.000170750
0.000002913,1.445787549,0.000170850
0.000002963,1.439451337,0.000170950
0.000002744,1.431777596,0.000171050
0.000003187,1.422414184,0.000171150
0.000002965,1.414669991,0.000171250
0.000002957,1.407418609,0.000171350
0.000002850,1.399463296,0.000171450
0.000002810,1.392211914,0.000171550
0.000002970,1.384890199,0.000171650
0.000002857,1.378483653,0.000171750
0.000002865,1.370528221,0.000171850
0.000002901,1.361939192,0.000171950
0.000002979,1.354758263,0.000172050
0.000003025,1.347014070,0.000172150
0.000003019,1.340748310,0.000172250
0.000002792,1.333074570,0.000172350
0.000002689,1.325823188,0.000172450
0.000002842,1.318783045,0.000172550
0.000002936,1.311179757,0.000172650
0.000002678,1.303153992,0.000172750
0.000002751,1.296536207,0.000172850
0.000002800,1.289636850,0.000172950
0.000002929,1.281399846,0.000173050
0.000002980,1.274289250,0.000173150
0.000002948,1.266474724,0.000173250
0.000002803,1.258660197,0.000173350
0.000002788,1.250423193,0.000173450
0.000003005,1.243312597,0.000173550
0.000002815,1.235427618,0.000173650
0.000002834,1.228176236,0.000173750
0.000002777,1.220502496,0.000173850
0.000002863,1.213462353,0.000173950
0.000002846,1.206351757,0.000174050
0.000003058,1.198255658,0.000174150
0.000002855,1.191004276,0.000174250
0.000002742,1.183612108,0.000174350
0.000002823,1.175375104,0.000174450
0.000003101,1.167701364,0.000174550
0.000002990,1.161083579,0.000174650
0.000002769,1.153621078,0.000174750
0.000002702,1.145102382,0.000174850
0.000002595,1.138414264,0.000174950
0.000002535,1.131444573,0.000175050
0.000002577,1.123489141,0.000175150
0.000003071,1.115744948,0.000175250
0.000002890,1.108423233,0.000175350
0.000002843,1.101312637,0.000175450
0.000002916,1.093638897,0.000175550
0.000003087,1.086105943,0.000175650
0.000002893,1.078643322,0.000175750
0.000002820,1.071391940,0.000175850
0.000002568,1.062732577,0.000175950
0.000002495,1.056466818,0.000176050
0.000002535,1.048441052,0.000176150
0.000002673,1.041260123,0.000176250
0.000003098,1.033234358,0.000176350
0.000003079,1.026616573,0.000176450
0.000002988,1.018520474,0.000176550
0.000002978,1.009438634,0.000176650
0.000002823,1.002539277,0.000176750
0.000003065,0.995639920,0.000176850
0.000002818,0.987614155,0.000176950
0.000002644,0.979729176,0.000177050
0.000002523,0.973463416,0.000177150
0.000002389,0.965015233,0.000177250
0.000002738,0.958467901,0.000177350
0.000003017,0.951498151,0.000177450
0.000002834,0.943613172,0.000177550
0.000002971,0.936432183,0.000177650
0.000002875,0.929673672,0.000177750
0.000002863,0.921014249,0.000177850
0.000002870,0.915170908,0.000177950
0.000002748,0.906863570,0.000178050
0.000002727,0.898978591,0.000178150
0.000002549,0.892360806,0.000178250
0.000002439,0.884335041,0.000178350
0.000002294,0.876872480,0.000178450
0.000002760,0.869057894,0.000178550
0.000002857,0.861806571,0.000178650
0.000002925,0.853991985,0.000178750
0.000002929,0.846810997,0.000178850
0.000002902,0.839559674,0.000178950
0.000002830,0.832097113,0.000179050
0.000002760,0.824071288,0.000179150
0.000002588,0.816327155,0.000179250
0.000002720,0.808864594,0.000179350
0.000002624,0.801402032,0.000179450
0.000002533,0.793869019,0.000179550
0.000002626,0.786547303,0.000179650
0.000002806,0.779084742,0.000179750
0.000002811,0.771622181,0.000179850
0.000002861,0.764089167,0.000179950
0.000002669,0.756908238,0.000180050
0.000002527,0.748600841,0.000180150
0.000002627,0.740856647,0.000180250
0.000002663,0.734590948,0.000180350
0.000002615,0.726987541,0.000180450
0.000002601,0.719806612,0.000180550
0.000002841,0.712062418,0.000180650
0.000002830,0.704036653,0.000180750
0.000002724,0.696785271,0.000180850
0.000002713,0.689111531,0.000180950
0.000002587,0.681789756,0.000181050
0.000002446,0.674679220,0.000181150
0.000002557,0.666442215,0.000181250
0.000002810,0.659190834,0.000181350
0.000002710,0.651305914,0.000181450
0.000002563,0.643280089,0.000181550
0.000002412,0.636803150,0.000181650
0.000002645,0.628918171,0.000181750
0.000002524,0.621666849,0.000181850
0.000002353,0.614485860,0.000181950
0.000002660,0.606671274,0.000182050
0.000002715,0.598504722,0.000182150
0.000002598,0.591816545,0.000182250
0.000002777,0.584706008,0.000182350
0.000002843,0.576680243,0.000182450
0.000002682,0.569499254,0.000182550
0.000002469,0.561966300,0.000182650
0.000002498,0.554996550,0.000182750
0.000002443,0.546970785,0.000182850
0.000002416,0.540705025,0.000182950
0.000002795,0.531200826,0.000183050
0.000002761,0.524723887,0.000183150
0.000002672,0.517261326,0.000183250
0.000002818,0.509869158,0.000183350
0.000002613,0.502336204,0.000183450
0.000002486,0.495296031,0.000183550
0.000002039,0.486847848,0.000183650
0.000002060,0.480089307,0.000183750
0.000002259,0.472767532,0.000183850
0.000002615,0.464812160,0.000183950
0.000002554,0.458476007,0.000184050
0.000002854,0.451083839,0.000184150
0.000002842,0.442354053,0.000184250
0.000002566,0.435525119,0.000184350
0.000002566,0.426865727,0.000184450
0.000002403,0.419543952,0.000184550
0.000002353,0.411518186,0.000184650
0.000002424,0.404266804,0.000184750
0.000002258,0.397015452,0.000184850
0.000002385,0.388426453,0.000184950
0.000002302,0.382090330,0.000185050
0.000002611,0.374275744,0.000185150
0.000002734,0.367165178,0.000185250
0.000002715,0.359702617,0.000185350
0.000002580,0.352521658,0.000185450
0.000002374,0.343510270,0.000185550
0.000002484,0.336681306,0.000185650
0.000002254,0.330133975,0.000185750
0.000002050,0.321756184,0.000185850
0.000002148,0.314082414,0.000185950
0.000002322,0.306338251,0.000186050
0.000002745,0.299509287,0.000186150
0.000002568,0.291483521,0.000186250
0.000002470,0.284724951,0.000186350
0.000002588,0.277543992,0.000186450
0.000002630,0.268673420,0.000186550
0.000002222,0.262618870,0.000186650
0.000002250,0.254874706,0.000186750
0.000002211,0.246919319,0.000186850
0.000002256,0.239456758,0.000186950
0.000002098,0.232698217,0.000187050
0.000002220,0.225024447,0.000187150
0.000002285,0.216717049,0.000187250
0.000002323,0.208972886,0.000187350
0.000002328,0.202073529,0.000187450
0.000002392,0.193695739,0.000187550
0.000002340,0.188063622,0.000187650
0.000002500,0.179404229,0.000187750
0.000002137,0.172504872,0.000187850
0.000002250,0.165183112,0.000187950
0.000001999,0.156805322,0.000188050
0.000002455,0.149835572,0.000188150
0.000002756,0.142584220,0.000188250
0.000002525,0.134206429,0.000188350
0.000002344,0.127236679,0.000188450
0.000002210,0.120126113,0.000188550
0.000002407,0.112170741,0.000188650
0.000002627,0.105834596,0.000188750
0.000002425,0.098653637,0.000188850
0.000002595,0.090135053,0.000188950
0.000001960,0.082461283,0.000189050
0.000002406,0.074857913,0.000189150
0.000002259,0.067043342,0.000189250
0.000002427,0.059510373,0.000189350
0.000002315,0.052118208,0.000189450
0.000002246,0.044726044,0.000189550
0.000002200,0.036981873,0.000189650
0.000002300,0.029519306,0.000189750
0.000002506,0.022901559,0.000189850
0.000002369,0.013819759,0.000189950
0.000001736,0.011285302,0.000190050
0.000000855,0.010158877,0.000190150
0.000000632,0.011003696,0.000190250
-0.000000029,0.011074098,0.000190350
0.000000188,0.010933294,0.000190450
-0.000000150,0.009947672,0.000190550
0.000000314,0.010440484,0.000190650
-0.000000045,0.010229278,0.000190750
0.000000341,0.011285302,0.000190850
-0.000000020,0.011003696,0.000190950
-0.000000106,0.010651688,0.000191050
0.000000147,0.010088475,0.000191150
0.000000205,0.010651688,0.000191250
0.000000113,0.010440484,0.000191350
-0.000000009,0.011355704,0.000191450
-0.000000132,0.010722090,0.000191550
0.000000142,0.011707712,0.000191650
0.000000211,0.011144499,0.000191750
0.000000266,0.010158877,0.000191850
-0.000000025,0.010088475,0.000191950
-0.000000120,0.010510885,0.000192050
-0.000000169,0.010370082,0.000192150
-0.000000100,0.010510885,0.000192250
-0.000000070,0.010581287,0.000192350
-0.000000191,0.009736468,0.000192450
0.000000111,0.010088475,0.000192550
-0.000000199,0.010933294,0.000192650
-0.000000136,0.010088475,0.000192750
-0.000000041,0.011003696,0.000192850
-0.000000248,0.010229278,0.000192950
-0.000000052,0.010722090,0.000193050
-0.000000048,0.011144499,0.000193150
-0.000000057,0.010862892,0.000193250
-0.000000159,0.011426105,0.000193350
-0.000000104,0.009736468,0.000193450
-0.000000190,0.010299681,0.000193550
-0.000000097,0.010299681,0.000193650
0.000000023,0.011496507,0.000193750
-0.000000258,0.011566908,0.000193850
-0.000000255,0.010722090,0.000193950
-0.000000227,0.010299681,0.000194050
-0.000000212,0.010088475,0.000194150
-0.000000154,0.011426105,0.000194250
-0.000000163,0.010088475,0.000194350
-0.000000060,0.011918916,0.000194450
0.000000044,0.010792491,0.000194550
0.000000099,0.010722090,0.000194650
-0.000000148,0.011285302,0.000194750
-0.000000206,0.011074098,0.000194850
-0.000000265,0.010299681,0.000194950
-0.000000151,0.010299681,0.000195050
-0.000000330,0.009806870,0.000195150
-0.000000359,0.010581287,0.000195250
-0.000000235,0.011637310,0.000195350
-0.000000192,0.010370082,0.000195450
0.000000137,0.011355704,0.000195550
-0.000000135,0.010229278,0.000195650
-0.000000308,0.011355704,0.000195750
-0.000000220,0.010862892,0.000195850
-0.000000161,0.010792491,0.000195950
-0.000000073,0.009947672,0.000196050
0.000000029,0.010229278,0.000196150
0.000000054,0.011144499,0.000196250
-0.000000301,0.011848515,0.000196350
-0.000000353,0.010862892,0.000196450
-0.000000316,0.011144499,0.000196550
-0.000000212,0.010581287,0.000196650
-0.000000344,0.010158877,0.000196750
-0.000000204,0.011214901,0.000196850
-0.000000038,0.010862892,0.000196950
-0.000000266,0.009877271,0.000197050
-0.000000051,0.010299681,0.000197150
-0.000000165,0.011074098,0.000197250
-0.000000110,0.011426105,0.000197350
-0.000000070,0.011637310,0.000197450
-0.000000013,0.010510885,0.000197550
-0.000000192,0.011496507,0.000197650
-0.000000244,0.011285302,0.000197750
-0.000000338,0.010792491,0.000197850
-0.000000129,0.009947672,0.000197950
-0.000000150,0.011003696,0.000198050
-0.000000161,0.010370082,0.000198150
-0.000000202,0.009947672,0.000198250
-0.000000034,0.010229278,0.000198350
-0.000000272,0.010722090,0.000198450
-0.000000323,0.011355704,0.000198550
-0.000000259,0.010440484,0.000198650
-0.000000204,0.010933294,0.000198750
-0.000000194,0.011778113,0.000198850
-0.000000086,0.011214901,0.000198950
-0.000000301,0.010722090,0.000199050
-0.000000180,0.010018074,0.000199150
-0.000000064,0.011285302,0.000199250
-0.000000177,0.010581287,0.000199350
-0.000000049,0.010933294,0.000199450
-0.000000171,0.010792491,0.000199550
-0.000000219,0.011074098,0.000199650
-0.000000405,0.010722090,0.000199750
-0.000000356,0.010510885,0.000199850
-0.000000124,0.010510885,0.000199950
-0.000000184,0.011074098,0.000200050
-0.000000181,0.011355704,0.000200150
-0.000000215,0.010229278,0.000200250
-0.000000113,0.010299681,0.000200350
-0.000000165,0.010722090,0.000200450
-0.000000383,0.009947672,0.000200550
-0.000000289,0.011285302,0.000200650
-0.000000141,0.011074098,0.000200750
-0.000000194,0.010862892,0.000200850
-0.000000085,0.010651688,0.000200950
0.000000038,0.009877271,0.000201050
-0.000000035,0.010792491,0.000201150
-0.000000145,0.009947672,0.000201250
-0.000000316,0.011144499,0.000201350
-0.000000229,0.010158877,0.000201450
-0.000000208,0.010299681,0.000201550
-0.000000100,0.009595665,0.000201650
-0.000000210,0.011003696,0.000201750
-0.000000543,0.010510885,0.000201850
-0.000000113,0.011214901,0.000201950
0.000000018,0.011707712,0.000202050
-0.000000312,0.010651688,0.000202150
-0.000000144,0.011355704,0.000202250
-0.000000123,0.010792491,0.000202350
-0.000000125,0.010862892,0.000202450
0.000000207,0.011214901,0.000202550
-0.000000528,0.011355704,0.000202650
-0.000000353,0.010651688,0.000202750
-0.000000391,0.010722090,0.000202850
-0.000000228,0.010722090,0.000202950
-0.000000150,0.010440484,0.000203050
-0.000000134,0.011144499,0.000203150
-0.000000334,0.010581287,0.000203250
-0.000000236,0.010933294,0.000203350
-0.000000385,0.010510885,0.000203450
-0.000000030,0.011003696,0.000203550
-0.000000018,0.010792491,0.000203650
-0.000000172,0.009877271,0.000203750
-0.000000117,0.011074098,0.000203850
-0.000000273,0.010722090,0.000203950
-0.000000203,0.011566908,0.000204050
-0.000000116,0.011566908,0.000204150
-0.000000065,0.011778113,0.000204250
-0.000000205,0.010581287,0.000204350
-0.000000258,0.011778113,0.000204450
-0.000000251,0.011003696,0.000204550
-0.000000267,0.011355704,0.000204650
0.000000023,0.010440484,0.000204750
-0.000000068,0.010299681,0.000204850
-0.000000226,0.011778113,0.000204950
-0.000000199,0.010862892,0.000205050
-0.000000115,0.009947672,0.000205150
0.000000092,0.010792491,0.000205250
-0.000000471,0.009454861,0.000205350
-0.000000260,0.011848515,0.000205450
-0.000000041,0.009947672,0.000205550
-0.000000294,0.009666067,0.000205650
-0.000000194,0.010510885,0.000205750
-0.000000230,0.010933294,0.000205850
-0.000000162,0.009595665,0.000205950
-0.000000122,0.010229278,0.000206050
-0.000000008,0.010581287,0.000206150
-0.000000138,0.011003696,0.000206250
-0.000000285,0.010299681,0.000206350
-0.000000140,0.011355704,0.000206450
-0.000000390,0.011144499,0.000206550
-0.000000440,0.010792491,0.000206650
-0.000000206,0.011285302,0.000206750
-0.000000190,0.010299681,0.000206850
-0.000000182,0.010792491,0.000206950
-0.000000154,0.011637310,0.000207050
0.000000033,0.010158877,0.000207150
-0.000000009,0.011355704,0.000207250
-0.000000264,0.010722090,0.000207350
-0.000000354,0.010651688,0.000207450
-0.000000232,0.010581287,0.000207550
-0.000000342,0.010158877,0.000207650
0.000000007,0.010792491,0.000207750
0.000000008,0.010862892,0.000207850
-0.000000186,0.011214901,0.000207950
-0.000000176,0.011074098,0.000208050
-0.000000136,0.010792491,0.000208150
-0.000000097,0.009314058,0.000208250
-0.000000293,0.010440484,0.000208350
-0.000000274,0.010158877,0.000208450
-0.000000194,0.010088475,0.000208550
-0.000000120,0.009736468,0.000208650
-0.000000137,0.010722090,0.000208750
-0.000000102,0.010651688,0.000208850
-0.000000330,0.010722090,0.000208950
-0.000000364,0.009877271,0.000209050
-0.000000117,0.010722090,0.000209150
-0.000000233,0.010018074,0.000209250
-0.000000104,0.010651688,0.000209350
-0.000000134,0.010933294,0.000209450
-0.000000108,0.011566908,0.000209550
-0.000000147,0.010370082,0.000209650
-0.000000444,0.010651688,0.000209750
-0.000000201,0.010370082,0.000209850
-0.000000066,0.009806870,0.000209950
-0.000000455,0.014312569,0.000210050
-0.000000899,0.021211922,0.000210150
-0.000001953,0.028040873,0.000210250
-0.000001925,0.035996251,0.000210350
-0.000002340,0.044162832,0.000210450
-0.000001978,0.051062185,0.000210550
-0.000001960,0.058172740,0.000210650
-0.000002175,0.064227276,0.000210750
-0.000002105,0.074083492,0.000210850
-0.000002006,0.080490038,0.000210950
-0.000001900,0.087952599,0.000211050
-0.000002104,0.096189581,0.000211150
-0.000002187,0.103511348,0.000211250
-0.000002596,0.111255519,0.000211350
-0.000002306,0.117591657,0.000211450
-0.000002388,0.125335827,0.000211550
-0.000002035,0.133502409,0.000211650
-0.000002308,0.140190557,0.000211750
-0.000002064,0.147230715,0.000211850
-0.000002451,0.154974893,0.000211950
-0.000002279,0.162930265,0.000212050
-0.000002233,0.170322433,0.000212150
-0.000002068,0.178137004,0.000212250
-0.000002525,0.186021969,0.000212350
-0.000002306,0.192921326,0.000212450
-0.000002180,0.199891075,0.000212550
-0.000002243,0.208902478,0.000212650
-0.000002528,0.216435447,0.000212750
-0.000002255,0.223686814,0.000212850
-0.000002268,0.230797365,0.000212950
-0.000002336,0.238963947,0.000213050
-0.000002272,0.246285707,0.000213150
-0.000002204,0.253889084,0.000213250
-0.000002116,0.260929227,0.000213350
-0.000002421,0.267687798,0.000213450
-0.000002434,0.274305522,0.000213550
-0.000002504,0.282542527,0.000213650
-0.000002849,0.290990710,0.000213750
-0.000002667,0.298242062,0.000213850
-0.000002688,0.305915833,0.000213950
-0.000002336,0.313096792,0.000214050
-0.000002392,0.319644123,0.000214150
-0.000002296,0.327951521,0.000214250
-0.000002291,0.335484475,0.000214350
-0.000002332,0.343510270,0.000214450
-0.000002381,0.349916816,0.000214550
-0.000002712,0.358012974,0.000214650
-0.000003004,0.365545958,0.000214750
-0.000002966,0.373360515,0.000214850
-0.000002638,0.381245494,0.000214950
-0.000002537,0.388144851,0.000215050
-0.000002550,0.396170646,0.000215150
-0.000002550,0.403844416,0.000215250
-0.000002339,0.411025375,0.000215350
-0.000002307,0.417150289,0.000215450
-0.000002296,0.425246477,0.000215550
-0.000002792,0.433201849,0.000215650
-0.000003115,0.441227645,0.000215750
-0.000003198,0.448478997,0.000215850
-0.000002915,0.455026329,0.000215950
-0.000002812,0.462207288,0.000216050
-0.000002502,0.470092267,0.000216150
-0.000002581,0.478188455,0.000216250
-0.000002458,0.485369414,0.000216350
-0.000002494,0.492761582,0.000216450
-0.000002421,0.499942541,0.000216550
-0.000002663,0.507475495,0.000216650
-0.000002991,0.514867663,0.000216750
-0.000003231,0.523104668,0.000216850
-0.000003274,0.530144811,0.000216950
-0.000003052,0.538100183,0.000217050
-0.000003122,0.545421958,0.000217150
-0.000003001,0.553095698,0.000217250
-0.000002643,0.559713483,0.000217350
-0.000002268,0.567880034,0.000217450
-0.000002316,0.575342596,0.000217550
-0.000002733,0.581749141,0.000217650
-0.000002800,0.589774907,0.000217750
-0.000002866,0.597026289,0.000217850
-0.000002860,0.604770482,0.000217950
-0.000003059,0.611177027,0.000218050
-0.000003217,0.619202793,0.000218150
-0.000003352,0.626383722,0.000218250
-0.000003096,0.635043144,0.000218350
-0.000002706,0.641801655,0.000218450
-0.000002674,0.650038660,0.000218550
-0.000002980,0.658205211,0.000218650
-0.000002964,0.664893389,0.000218750
-0.000002706,0.672074378,0.000218850
-0.000002790,0.679818511,0.000218950
-0.000003168,0.687281072,0.000219050
-0.000003201,0.695236444,0.000219150
-0.000003164,0.701995015,0.000219250
-0.000003125,0.709175944,0.000219350
-0.000002875,0.716990530,0.000219450
-0.000002882,0.724664330,0.000219550
-0.000003002,0.731493294,0.000219650
-0.000002693,0.739378214,0.000219750
-0.000002865,0.748108029,0.000219850
-0.000002902,0.753740132,0.000219950
-0.000003029,0.762681127,0.000220050
-0.000003346,0.769228518,0.000220150
-0.000003286,0.776339054,0.000220250
-0.000003076,0.783942401,0.000220350
-0.000003126,0.792109013,0.000220450
-0.000003024,0.798937976,0.000220550
-0.000003054,0.807456553,0.000220650
-0.000003085,0.814285517,0.000220750
-0.000003201,0.822874486,0.000220850
-0.000002959,0.830548286,0.000220950
-0.000003051,0.837518036,0.000221050
-0.000003434,0.845121384,0.000221150
-0.000003278,0.853147149,0.000221250
-0.000003180,0.860046506,0.000221350
-0.000003151,0.867579460,0.000221450
-0.000003223,0.874901235,0.000221550
-0.000003244,0.882786214,0.000221650
-0.000003406,0.890741587,0.000221750
-0.000003298,0.897500157,0.000221850
-0.000003262,0.904188275,0.000221950
-0.000002925,0.912847698,0.000222050
-0.000002971,0.919747055,0.000222150
-0.000003018,0.926787198,0.000222250
-0.000002735,0.934390545,0.000222350
-0.000003286,0.940445125,0.000222450
-0.000003081,0.949034095,0.000222550
-0.000003229,0.958045483,0.000222650
-0.000003316,0.964733660,0.000222750
-0.000003201,0.972548187,0.000222850
-0.000003067,0.979658782,0.000222950
-0.000003038,0.986487746,0.000223050
-0.000003240,0.994372666,0.000223150
-0.000003101,1.001976013,0.000223250
-0.000003180,1.008734584,0.000223350
-0.000003069,1.015845180,0.000223450
-0.000003192,1.024293303,0.000223550
-0.000003196,1.033163905,0.000223650
-0.000003192,1.038796067,0.000223750
-0.000003214,1.046469808,0.000223850
-0.000003363,1.055129290,0.000223950
-0.000003237,1.061958194,0.000224050
-0.000003075,1.069209576,0.000224150
-0.000003325,1.077024102,0.000224250
-0.000003389,1.084134698,0.000224350
-0.000003454,1.092723727,0.000224450
-0.000003292,1.100890279,0.000224550
-0.000003083,1.107789636,0.000224650
-0.000003182,1.115392923,0.000224750
-0.000003287,1.122081161,0.000224850
-0.000003298,1.128065228,0.000224950
-0.000003318,1.136724591,0.000225050
-0.000003196,1.144539237,0.000225150
-0.000003259,1.151931405,0.000225250
-0.000003246,1.159464359,0.000225350
-0.000003506,1.166786075,0.000225450
-0.000003513,1.174178243,0.000225550
-0.000003307,1.181922436,0.000225650
-0.000003126,1.189596176,0.000225750
-0.000003259,1.196636319,0.000225850
-0.000003165,1.204098940,0.000225950
-0.000003193,1.211913466,0.000226050
-0.000003479,1.218742490,0.000226150
-0.000003582,1.226838589,0.000226250
-0.000003465,1.234723568,0.000226350
-0.000003341,1.242749453,0.000226450
-0.000003287,1.249719143,0.000226550
-0.000003119,1.257674575,0.000226650
-0.000003353,1.264644265,0.000226750
-0.000003381,1.272036433,0.000226850
-0.000003420,1.279569387,0.000226950
-0.000002986,1.287595153,0.000227050
-0.000003160,1.293931365,0.000227150
-0.000003490,1.302449942,0.000227250
-0.000003534,1.309419632,0.000227350
-0.000003494,1.316318989,0.000227450
-0.000003174,1.324344754,0.000227550
-0.000003345,1.331103325,0.000227650
-0.000003318,1.338425159,0.000227750
-0.000003370,1.346310139,0.000227850
-0.000003630,1.353209496,0.000227950
-0.000003422,1.361024022,0.000228050
-0.000003284,1.368979335,0.000228150
-0.000003309,1.375456333,0.000228250
-0.000003378,1.382848501,0.000228350
-0.000003370,1.391085505,0.000228450
-0.000003431,1.398759246,0.000228550
-0.000003569,1.406292200,0.000228650
-0.000003560,1.414177179,0.000228750
-0.000003495,1.421710134,0.000228850
-0.000003707,1.429454327,0.000228950
-0.000003352,1.436846495,0.000229050
-0.000003136,1.444449902,0.000229150
-0.000003155,1.452757239,0.000229250
-0.000003424,1.459727049,0.000229350
-0.000003474,1.467752814,0.000229450
-0.000003634,1.474792957,0.000229550
-0.000003389,1.481973886,0.000229650
-0.000003457,1.489506841,0.000229750
-0.000003339,1.496617436,0.000229850
-0.000003328,1.503939152,0.000229950
-0.000003331,1.511472106,0.000230050
-0.000003638,1.519286752,0.000230150
-0.000003596,1.525904417,0.000230250
-0.000003296,1.534211874,0.000230350
-0.000003369,1.541604042,0.000230450
-0.000003311,1.549418569,0.000230550
-0.000003164,1.556247592,0.000230650
-0.000003185,1.564202905,0.000230750
-0.000003530,1.571383834,0.000230850
-0.000003941,1.578916788,0.000230950
-0.000003515,1.586590648,0.000231050
-0.000003309,1.594616413,0.000231150
-0.000003539,1.601727009,0.000231250
-0.000003368,1.608978271,0.000231350
-0.000003833,1.616018414,0.000231450
-0.000003393,1.624044299,0.000231550
-0.000003377,1.630732417,0.000231650
-0.000003530,1.638687730,0.000231750
-0.000003587,1.647276759,0.000231850
-0.000003805,1.654035330,0.000231950
-0.000003557,1.661286712,0.000232050
-0.000003271,1.668256402,0.000232150
-0.000003125,1.675930142,0.000232250
-0.000003528,1.683604002,0.000232350
-0.000003376,1.691066504,0.000232450
-0.000003632,1.698388338,0.000232550
-0.000003446,1.705076456,0.000232650
-0.000003636,1.713383794,0.000232750
-0.000003545,1.721268773,0.000232850
-0.000003695,1.727816105,0.000232950
-0.000003170,1.736053109,0.000233050
-0.000003393,1.744430900,0.000233150
-0.000003101,1.750555873,0.000233250
-0.000003126,1.758440852,0.000233350
-0.000003256,1.765833020,0.000233450
-0.000003713,1.772591591,0.000233550
-0.000003753,1.780969381,0.000233650
-0.000003642,1.788009524,0.000233750
-0.000003682,1.795331240,0.000233850
-0.000003733,1.803427458,0.000233950
-0.000003535,1.810045123,0.000234050
-0.000003535,1.818000555,0.000234150
-0.000003756,1.825463057,0.000234250
-0.000003608,1.832714438,0.000234350
-0.000003659,1.841725826,0.000234450
-0.000003666,1.848554850,0.000234550
-0.000003596,1.855735779,0.000234650
-0.000003242,1.863761544,0.000234750
-0.000003318,1.871153712,0.000234850
-0.000003618,1.879461050,0.000234950
-0.000003442,1.885656476,0.000235050
-0.000003586,1.893330216,0.000235150
-0.000003667,1.901074409,0.000235250
-0.000003473,1.908818603,0.000235350
-0.000003433,1.916492343,0.000235450
-0.000003541,1.924377322,0.000235550
-0.000003634,1.931769490,0.000235650
-0.000003545,1.938598394,0.000235750
-0.000003469,1.946201801,0.000235850
-0.000003621,1.953171492,0.000235950
-0.000003718,1.961338162,0.000236050
-0.000003765,1.968237519,0.000236150
-0.000003481,1.976474404,0.000236250
-0.000003451,1.983444214,0.000236350
-0.000003486,1.991258740,0.000236450
-0.000003537,1.998298883,0.000236550
-0.000003541,2.006324768,0.000236650
-0.000003594,2.013224125,0.000236750
-0.000003538,2.020545721,0.000236850
-0.000003548,2.028078794,0.000236950
-0.000003679,2.035330057,0.000237050
-0.000003408,2.043919086,0.000237150
-0.000003704,2.051029682,0.000237250
-0.000004073,2.058914661,0.000237350
-0.000003770,2.065814018,0.000237450
-0.000003535,2.073980570,0.000237550
-0.000003580,2.081654310,0.000237650
-0.000003646,2.088976145,0.000237750
-0.000003315,2.096438646,0.000237850
-0.000003404,2.103830814,0.000237950
-0.000003526,2.111504555,0.000238050
-0.000003722,2.117629528,0.000238150
-0.000003794,2.126077890,0.000238250
-0.000003657,2.134173870,0.000238350
-0.000003585,2.140932560,0.000238450
-0.000003508,2.149239779,0.000238550
-0.000003578,2.155364752,0.000238650
-0.000003501,2.162686586,0.000238750
-0.000003822,2.170289993,0.000238850
-0.000003490,2.178949356,0.000238950
-0.000003507,2.185355902,0.000239050
-0.000003546,2.193592787,0.000239150
-0.000003803,2.199365854,0.000239250
-0.000003758,2.207884312,0.000239350
-0.000003599,2.215698957,0.000239450
-0.000003285,2.223372698,0.000239550
-0.000003519,2.230201721,0.000239650
-0.000003870,2.238016367,0.000239750
-0.000003880,2.244915724,0.000239850
-0.000003827,2.253011703,0.000239950
-0.000003734,2.261037588,0.000240050
-0.000003695,2.267866611,0.000240150
-0.000003605,2.275047541,0.000240250
-0.000003533,2.283284426,0.000240350
-0.000003666,2.291662216,0.000240450
-0.000003603,2.298280001,0.000240550
-0.000003595,2.305672169,0.000240650
-0.000003776,2.313416243,0.000240750
-0.000003742,2.320245266,0.000240850
-0.000003847,2.328763962,0.000240950
-0.000003743,2.335099936,0.000241050
-0.000003782,2.342562675,0.000241150
-0.000003722,2.350799561,0.000241250
-0.000003677,2.357558012,0.000241350
-0.000003810,2.365795135,0.000241450
-0.000003439,2.373539209,0.000241550
-0.000003609,2.381283522,0.000241650
-0.000003627,2.387830734,0.000241750
-0.000003786,2.395645380,0.000241850
-0.000003936,2.402896643,0.000241950
-0.000003650,2.410359383,0.000242050
-0.000003722,2.418385029,0.000242150
-0.000003814,2.425565958,0.000242250
-0.000003623,2.433943748,0.000242350
-0.000003724,2.440491199,0.000242450
-0.000003704,2.447953701,0.000242550
-0.000003664,2.455627441,0.000242650
-0.000003693,2.463371754,0.000242750
-0.000003914,2.470834255,0.000242850
-0.000003652,2.477311134,0.000242950
-0.000003834,2.485477686,0.000243050
-0.000003871,2.492236376,0.000243150
-0.000003978,2.499839544,0.000243250
-0.000003925,2.507865429,0.000243350
-0.000003743,2.515187263,0.000243450
-0.000003908,2.522649765,0.000243550
-0.000003571,2.529760361,0.000243650
-0.000003673,2.538630962,0.000243750
-0.000003865,2.545037508,0.000243850
-0.000003813,2.552148104,0.000243950
-0.000003866,2.560173750,0.000244050
-0.000003779,2.566932440,0.000244150
-0.000003673,2.574535608,0.000244250
-0.000004029,2.582772732,0.000244350
-0.000003862,2.591080189,0.000244450
-0.000003697,2.598120213,0.000244550
-0.000003711,2.605723619,0.000244650
-0.000003744,2.613538265,0.000244750
-0.000003756,2.619733572,0.000244850
-0.000003928,2.627407312,0.000244950
-0.000003896,2.634940147,0.000245050
-0.000004116,2.643036366,0.000245150
-0.000004092,2.650710106,0.000245250
-0.000004181,2.659017563,0.000245350
-0.000004242,2.666128159,0.000245450
-0.000004019,2.673590660,0.000245550
-0.000003946,2.681053162,0.000245650
-0.000003692,2.689501524,0.000245750
-0.000003731,2.695837498,0.000245850
-0.000003853,2.704074621,0.000245950
-0.000003975,2.711396456,0.000246050
-0.000003914,2.718366146,0.000246150
-0.000004154,2.725969553,0.000246250
-0.000004063,2.732446432,0.000246350
-0.000003962,2.740753889,0.000246450
-0.000003912,2.748709202,0.000246550
-0.000003737,2.755186081,0.000246650
-0.000003765,2.762085438,0.000246750
-0.000003889,2.771026373,0.000246850
-0.000004046,2.777714729,0.000246950
-0.000004052,2.784261942,0.000247050
-0.000004080,2.793062210,0.000247150
-0.000004157,2.800665617,0.000247250
-0.000004433,2.807212830,0.000247350
-0.000004330,2.815590620,0.000247450
-0.000004236,2.822630882,0.000247550
-0.000003899,2.829319000,0.000247650
-0.000003904,2.838893652,0.000247750
-0.000004128,2.844807386,0.000247850
-0.000003929,2.852973938,0.000247950
-0.000003946,2.859873295,0.000248050
-0.000004486,2.868673325,0.000248150
-0.000004510,2.876206398,0.000248250
-0.000004670,2.883176088,0.000248350
-0.000004544,2.890849829,0.000248450
-0.000004512,2.899016619,0.000248550
-0.000004231,2.906197548,0.000248650
-0.000004165,2.912744761,0.000248750
-0.000004124,2.920981884,0.000248850
-0.000004063,2.927599430,0.000248950
-0.000004073,2.934991598,0.000249050
-0.000004147,2.943510294,0.000249150
-0.000004378,2.950550556,0.000249250
-0.000004604,2.957520247,0.000249350
-0.000004642,2.964982748,0.000249450
-0.000004913,2.972656488,0.000249550
-0.000004642,2.980682373,0.000249650
-0.000004420,2.987863302,0.000249750
-0.000004314,2.995677948,0.000249850
-0.000004375,3.001591682,0.000249950
-0.000003828,3.003351688,0.000250050
-0.000000797,2.995888948,0.000250150
0.000001249,2.989341736,0.000250250
0.000002091,2.981175184,0.000250350
0.000002308,2.973923683,0.000250450
0.000002405,2.966602087,0.000250550
0.000002250,2.959421158,0.000250650
0.000002360,2.952803373,0.000250750
0.000002152,2.944073439,0.000250850
0.000002152,2.936540604,0.000250950
0.000002314,2.929430008,0.000251050
0.000002429,2.922389746,0.000251150
0.000002287,2.913871288,0.000251250
0.000002176,2.906056643,0.000251350
0.000002222,2.898664474,0.000251450
0.000002462,2.891131639,0.000251550
0.000002523,2.884865761,0.000251650
0.000002430,2.876276731,0.000251750
0.000002649,2.869658947,0.000251850
0.000002776,2.862407684,0.000251950
0.000002643,2.853114605,0.000252050
0.000002419,2.846919298,0.000252150
0.000002459,2.839386463,0.000252250
0.000002744,2.831290245,0.000252350
0.000002523,2.823475599,0.000252450
0.000003108,2.816787481,0.000252550
0.000002105,2.808268785,0.000252650
0.000002527,2.802707195,0.000252750
0.000002424,2.794892550,0.000252850
0.000002659,2.786444426,0.000252950
0.000002843,2.779545069,0.000253050
0.000002774,2.771237612,0.000253150
0.000002733,2.764479160,0.000253250
0.000002611,2.756664515,0.000253350
0.000002882,2.750046730,0.000253450
0.000002799,2.740964890,0.000253550
0.000002840,2.734417677,0.000253650
0.000002337,2.726884604,0.000253750
0.000002430,2.719985247,0.000253850
0.000002562,2.712452412,0.000253950
0.000002622,2.705200911,0.000254050
0.000002838,2.697738409,0.000254150
0.000002951,2.689571857,0.000254250
0.000002724,2.682109356,0.000254350
0.000002776,2.674365044,0.000254450
0.000002642,2.666339397,0.000254550
0.000002796,2.659228802,0.000254650
0.000003074,2.651977539,0.000254750
0.000003248,2.643810749,0.000254850
0.000003093,2.636418581,0.000254950
0.000003033,2.629941702,0.000255050
0.000002825,2.621563911,0.000255150
0.000002722,2.614171743,0.000255250
0.000002685,2.606990814,0.000255350
0.000003049,2.599105835,0.000255450
0.000003009,2.591643333,0.000255550
0.000003008,2.583899021,0.000255650
0.000002965,2.576647758,0.000255750
0.000003042,2.569537163,0.000255850
0.000002880,2.560807467,0.000255950
0.000002830,2.553274393,0.000256050
0.000002691,2.546586275,0.000256150
0.000002815,2.538912535,0.000256250
0.000003032,2.532576323,0.000256350
0.000002827,2.525395393,0.000256450
0.000002997,2.516806364,0.000256550
0.000003230,2.509202957,0.000256650
0.000002782,2.501247644,0.000256750
0.000002496,2.494559526,0.000256850
0.000002590,2.486815453,0.000256950
0.000002924,2.479282379,0.000257050
0.000003007,2.472171783,0.000257150
0.000002925,2.464920521,0.000257250
0.000003088,2.457528353,0.000257350
0.000002877,2.449502468,0.000257450
0.000002872,2.440913439,0.000257550
0.000002796,2.433310270,0.000257650
0.000002729,2.426481247,0.000257750
0.000002901,2.418948174,0.000257850
0.000002925,2.411626577,0.000257950
0.000003157,2.404375076,0.000258050
0.000003169,2.397757292,0.000258150
0.000002911,2.389309168,0.000258250
0.000003004,2.381142616,0.000258350
0.000002933,2.374243259,0.000258450
0.000002865,2.365865469,0.000258550
0.000002798,2.359951735,0.000258650
0.000002612,2.352629900,0.000258750
0.000002891,2.345167398,0.000258850
0.000003171,2.337212086,0.000258950
0.000003060,2.328974962,0.000259050
0.000002836,2.323061228,0.000259150
0.000002912,2.315669060,0.000259250
0.000002981,2.306798697,0.000259350
0.000003106,2.300532818,0.000259450
0.000003007,2.291803122,0.000259550
0.000002805,2.284762859,0.000259650
0.000002869,2.276103497,0.000259750
0.000002757,2.269978523,0.000259850
0.000002792,2.262867928,0.000259950
0.000003091,2.255686998,0.000260050
0.000003117,2.247097969,0.000260150
0.000002984,2.240198612,0.000260250
0.000002769,2.231046438,0.000260350
0.000002802,2.224710464,0.000260450
0.000002859,2.216403008,0.000260550
0.000002882,2.209151506,0.000260650
0.000003117,2.202111483,0.000260750
0.000003022,2.194367170,0.000260850
0.000002892,2.186834335,0.000260950
0.000003065,2.180498123,0.000261050
0.000002927,2.171768427,0.000261150
0.000002828,2.165854692,0.000261250
0.000002778,2.156702518,0.000261350
0.000002879,2.149873495,0.000261450
0.000002780,2.141425371,0.000261550
0.000002979,2.134877920,0.000261650
0.000002974,2.126570702,0.000261750
0.000003100,2.119952917,0.000261850
0.000003128,2.111997366,0.000261950
0.000002937,2.104182959,0.000262050
0.000002812,2.097565174,0.000262150
0.000002939,2.089328051,0.000262250
0.000002761,2.081232071,0.000262350
0.000002887,2.074684620,0.000262450
0.000003088,2.066377163,0.000262550
0.000003101,2.058281183,0.000262650
0.000002949,2.051522493,0.000262750
0.000003065,2.044834375,0.000262850
0.000003185,2.036879063,0.000262950
0.000003104,2.028712511,0.000263050
0.000002830,2.021109104,0.000263150
0.000002856,2.013928175,0.000263250
0.000002737,2.005831957,0.000263350
0.000002760,1.997383714,0.000263450
0.000003010,1.990625143,0.000263550
0.000003007,1.984148264,0.000263650
0.000002959,1.976474404,0.000263750
0.000003021,1.969082236,0.000263850
0.000003135,1.961760521,0.000263950
0.000003019,1.953945994,0.000264050
0.000002787,1.946835399,0.000264150
0.000002676,1.938879967,0.000264250
0.000002810,1.931487918,0.000264350
0.000003097,1.925644517,0.000264450
0.000003097,1.916703582,0.000264550
0.000002942,1.909522533,0.000264650
0.000002841,1.901215196,0.000264750
0.000002968,1.894527078,0.000264850
0.000003033,1.887557268,0.000264950
0.000002945,1.879038692,0.000265050
0.000002983,1.874110579,0.000265150
0.000002829,1.864254355,0.000265250
0.000002882,1.857284665,0.000265350
0.000002874,1.851159692,0.000265450
0.000002807,1.842429876,0.000265550
0.000003009,1.834826469,0.000265650
0.000002975,1.827223182,0.000265750
0.000003130,1.818563700,0.000265850
0.000003223,1.811946034,0.000265950
0.000003085,1.803990602,0.000266050
0.000003049,1.796809673,0.000266150
0.000002918,1.788995147,0.000266250
0.000002783,1.781673312,0.000266350
0.000002735,1.773225188,0.000266450
0.000002831,1.766677856,0.000266550
0.000002866,1.758792877,0.000266650
0.000002821,1.752034307,0.000266750
0.000003066,1.743515730,0.000266850
0.000003010,1.736334682,0.000266950
0.000002980,1.729505777,0.000267050
0.000002909,1.722817659,0.000267150
0.000002848,1.714862227,0.000267250
0.000002970,1.707258940,0.000267350
0.000002816,1.700781941,0.000267450
0.000002822,1.692263365,0.000267550
0.000003041,1.685504794,0.000267650
0.000002893,1.678183079,0.000267750
0.000002663,1.670227647,0.000267850
0.000002879,1.662624359,0.000267950
0.000002946,1.656147361,0.000268050
0.000003013,1.647980809,0.000268150
0.000003093,1.640095830,0.000268250
0.000002916,1.632914901,0.000268350
0.000002810,1.625733852,0.000268450
0.000002965,1.618200898,0.000268550
0.000002986,1.610456705,0.000268650
0.000002875,1.603275776,0.000268750
0.000002935,1.595038772,0.000268850
0.000003004,1.587998629,0.000268950
0.000003055,1.579832077,0.000269050
0.000002936,1.571947098,0.000269150
0.000002846,1.564484477,0.000269250
0.000002961,1.556669950,0.000269350
0.000002893,1.549981833,0.000269450
0.000002785,1.543223262,0.000269550
0.000003187,1.535549521,0.000269650
0.000002800,1.527030945,0.000269750
0.000002694,1.520342708,0.000269850
0.000002884,1.513725042,0.000269950
0.000002884,1.505910397,0.000270050
0.000002838,1.499292731,0.000270150
0.000002806,1.489929318,0.000270250
0.000002803,1.483029962,0.000270350
0.000002888,1.475708127,0.000270450
0.000002919,1.467048764,0.000270550
0.000003071,1.460430980,0.000270650
0.000002923,1.452686906,0.000270750
0.000002780,1.445857882,0.000270850
0.000002836,1.437620878,0.000270950
0.000002891,1.431073546,0.000271050
0.000002882,1.422766209,0.000271150
0.000003020,1.414951563,0.000271250
0.000002894,1.407559395,0.000271350
0.000002748,1.399956107,0.000271450
0.000002700,1.392563939,0.000271550
0.000002976,1.384960532,0.000271650
0.000002984,1.377498031,0.000271750
0.000002663,1.370246649,0.000271850
0.000002780,1.362080097,0.000271950
0.000002929,1.354828715,0.000272050
0.000003005,1.347225308,0.000272150
0.000003104,1.339481115,0.000272250
0.000002991,1.333145022,0.000272350
0.000002748,1.325964093,0.000272450
0.000002667,1.318360686,0.000272550
0.000002716,1.310898066,0.000272650
0.000002685,1.303505898,0.000272750
0.000003050,1.295339346,0.000272850
0.000003102,1.288228750,0.000272950
0.000002784,1.280202985,0.000273050
0.000002783,1.272810817,0.000273150
0.000002813,1.266474724,0.000273250
0.000002622,1.258448958,0.000273350
0.000002527,1.251127124,0.000273450
0.000002967,1.243875861,0.000273550
0.000002897,1.236413240,0.000273650
0.000003144,1.227261066,0.000273750
0.000003037,1.220432043,0.000273850
0.000003035,1.213039994,0.000273950
0.000003035,1.206422210,0.000274050
0.000003051,1.198466778,0.000274150
0.000002886,1.190722585,0.000274250
0.000002256,1.183260083,0.000274350
0.000002683,1.174741507,0.000274450
0.000002781,1.168827772,0.000274550
0.000003038,1.160449982,0.000274650
0.000002909,1.153269053,0.000274750
0.000003223,1.145102382,0.000274850
0.000002810,1.137991905,0.000274950
0.000002800,1.130318046,0.000275050
0.000002639,1.122433186,0.000275150
0.000002474,1.116167426,0.000275250
0.000002608,1.108071208,0.000275350
0.000003022,1.101031065,0.000275450
0.000002663,1.092934847,0.000275550
0.000002306,1.085261106,0.000275650
0.000002656,1.077728152,0.000275750
0.000003097,1.070335984,0.000275850
0.000002951,1.063155055,0.000275950
0.000002964,1.055410862,0.000276050
0.000002699,1.048300266,0.000276150
0.000002465,1.040837765,0.000276250
0.000002808,1.034008741,0.000276350
0.000002916,1.026053429,0.000276450
0.000002929,1.018097997,0.000276550
0.000002655,1.010213017,0.000276650
0.000003090,1.002750516,0.000276750
0.000002870,0.995710313,0.000276850
0.000002779,0.988318145,0.000276950
0.000002911,0.980010748,0.000277050
0.000002662,0.974097013,0.000277150
0.000002618,0.965719283,0.000277250
0.000002656,0.958327115,0.000277350
0.000002824,0.950934947,0.000277450
0.000002583,0.944176376,0.000277550
0.000002683,0.936291397,0.000277650
0.000002441,0.928828835,0.000277750
0.000002360,0.921366274,0.000277850
0.000002868,0.913692474,0.000277950
0.000003082,0.906511545,0.000278050
0.000002782,0.899682581,0.000278150
0.000002473,0.891727209,0.000278250
0.000002540,0.884264648,0.000278350
0.000002577,0.876520455,0.000278450
0.000002631,0.869057894,0.000278550
0.000002575,0.862932980,0.000278650
0.000002705,0.853991985,0.000278750
0.000002721,0.846459031,0.000278850
0.000002708,0.839841247,0.000278950
0.000003137,0.831815481,0.000279050
0.000003062,0.824423313,0.000279150
0.000002866,0.816960752,0.000279250
0.000002520,0.809779823,0.000279350
0.000002685,0.801965237,0.000279450
0.000002330,0.794502676,0.000279550
0.000002313,0.787040114,0.000279650
0.000002510,0.778873503,0.000279750
0.000003023,0.771903753,0.000279850
0.000002847,0.763596356,0.000279950
0.000002747,0.755781829,0.000280050
0.000002706,0.749586463,0.000280150
0.000002635,0.741067886,0.000280250
0.000002631,0.733675718,0.000280350
0.000002625,0.726001918,0.000280450
0.000002580,0.718609750,0.000280550
0.000002455,0.710936010,0.000280650
0.000002328,0.703262210,0.000280750
0.000002471,0.696644485,0.000280850
0.000002681,0.689533949,0.000280950
0.000002565,0.681085765,0.000281050
0.000002527,0.673693597,0.000281150
0.000002608,0.665456593,0.000281250
0.000002725,0.659402072,0.000281350
0.000002561,0.651305914,0.000281450
0.000002583,0.642998517,0.000281550
0.000002412,0.635747135,0.000281650
0.000002443,0.629551828,0.000281750
0.000002533,0.620962799,0.000281850
0.000002688,0.613711476,0.000281950
0.000002538,0.605404079,0.000282050
0.000002520,0.598645508,0.000282150
0.000002543,0.591182947,0.000282250
0.000002751,0.583086789,0.000282350
0.000002479,0.576187432,0.000282450
0.000002330,0.568091214,0.000282550
0.000002423,0.561543882,0.000282650
0.000002462,0.554010928,0.000282750
0.000002581,0.545914769,0.000282850
0.000002518,0.539085805,0.000282950
0.000002487,0.532256842,0.000283050
0.000002143,0.524231076,0.000283150
0.000002477,0.516486883,0.000283250
0.000002783,0.508601904,0.000283350
0.000002609,0.502336204,0.000283450
0.000002557,0.494944036,0.000283550
0.000002570,0.486988634,0.000283650
0.000002544,0.479244471,0.000283750
0.000002311,0.471993119,0.000283850
0.000002329,0.465445757,0.000283950
0.000002197,0.456927180,0.000284050
0.000002330,0.449394226,0.000284150
0.000002624,0.441016436,0.000284250
0.000002528,0.433765054,0.000284350
0.000002535,0.426232100,0.000284450
0.000002501,0.419614345,0.000284550
0.000002585,0.411236554,0.000284650
0.000002456,0.404337227,0.000284750
0.000002306,0.397085845,0.000284850
0.000002354,0.389412075,0.000284950
0.000002460,0.381315917,0.000285050
0.000002369,0.374416560,0.000285150
0.000002307,0.367446810,0.000285250
0.000002486,0.359350622,0.000285350
0.000002388,0.351747245,0.000285450
0.000002417,0.344847888,0.000285550
0.000002538,0.337174118,0.000285650
0.000002136,0.328937143,0.000285750
0.000002095,0.321967393,0.000285850
0.000002379,0.314434409,0.000285950
0.000002423,0.307183057,0.000286050
0.000002559,0.300283700,0.000286150
0.000002406,0.292609930,0.000286250
0.000002302,0.284865767,0.000286350
0.000002263,0.276910394,0.000286450
0.000002294,0.269729435,0.000286550
0.000002422,0.261844456,0.000286650
0.000002162,0.255156308,0.000286750
0.000002240,0.247693747,0.000286850
0.000002266,0.240231171,0.000286950
0.000002300,0.233191013,0.000287050
0.000002185,0.224672437,0.000287150
0.000002406,0.217843473,0.000287250
0.000002178,0.209395289,0.000287350
0.000002402,0.202495947,0.000287450
0.000002643,0.196511805,0.000287550
0.000002275,0.188486025,0.000287650
0.000001927,0.180530652,0.000287750
0.000002110,0.171519250,0.000287850
0.000002231,0.164831102,0.000287950
0.000002297,0.156312510,0.000288050
0.000002229,0.150187582,0.000288150
0.000002039,0.141880199,0.000288250
0.000002281,0.134980842,0.000288350
0.000001976,0.128081486,0.000288450
0.000002197,0.120689325,0.000288550
0.000002346,0.112311542,0.000288650
0.000002403,0.105200984,0.000288750
0.000002219,0.098020025,0.000288850
0.000002358,0.090275854,0.000288950
0.000002252,0.082250074,0.000289050
0.000002261,0.074857913,0.000289150
0.000002177,0.067113742,0.000289250
0.000002283,0.061059207,0.000289350
0.000002236,0.052540615,0.000289450
0.000002308,0.045500461,0.000289550
0.000002315,0.037685886,0.000289650
0.000002313,0.030504929,0.000289750
0.000002135,0.023323970,0.000289850
0.000002066,0.015438994,0.000289950
0.000002073,0.010722090,0.000290050
0.000001147,0.010581287,0.000290150
0.000000454,0.011144499,0.000290250
0.000000438,0.011355704,0.000290350
0.000000063,0.011707712,0.000290450
0.000000046,0.010651688,0.000290550
0.000000011,0.011285302,0.000290650
0.000000108,0.011848515,0.000290750
0.000000203,0.011426105,0.000290850
0.000000100,0.010581287,0.000290950
0.000000452,0.011848515,0.000291050
0.000000034,0.011144499,0.000291150
0.000000171,0.011637310,0.000291250
0.000000003,0.010440484,0.000291350
-0.000000002,0.011214901,0.000291450
-0.000000161,0.010370082,0.000291550
-0.000000086,0.010229278,0.000291650
-0.000000066,0.011144499,0.000291750
-0.000000070,0.011355704,0.000291850
-0.000000114,0.011355704,0.000291950
-0.000000229,0.011003696,0.000292050
-0.000000092,0.010722090,0.000292150
0.000000096,0.011285302,0.000292250
0.000000074,0.011707712,0.000292350
0.000000063,0.011918916,0.000292450
0.000000086,0.010722090,0.000292550
0.000000019,0.011707712,0.000292650
-0.000000346,0.010229278,0.000292750
-0.000000088,0.011637310,0.000292850
-0.000000262,0.011426105,0.000292950
-0.000000027,0.010651688,0.000293050
0.000000010,0.012693333,0.000293150
-0.000000097,0.011778113,0.000293250
-0.000000097,0.011426105,0.000293350
-0.000000279,0.010933294,0.000293450
-0.000000042,0.012200522,0.000293550
-0.000000052,0.010651688,0.000293650
-0.000000093,0.011848515,0.000293750
-0.000000084,0.011214901,0.000293850
-0.000000155,0.011003696,0.000293950
-0.000000049,0.011074098,0.000294050
0.000000050,0.011426105,0.000294150
-0.000000093,0.010792491,0.000294250
-0.000000183,0.011426105,0.000294350
-0.000000047,0.010792491,0.000294450
-0.000000088,0.010651688,0.000294550
-0.000000477,0.010158877,0.000294650
-0.000000025,0.011074098,0.000294750
-0.000000167,0.010581287,0.000294850
-0.000000086,0.010651688,0.000294950
-0.000000271,0.010229278,0.000295050
0.000000031,0.010792491,0.000295150
-0.000000203,0.011285302,0.000295250
-0.000000232,0.010581287,0.000295350
-0.000000039,0.010440484,0.000295450
-0.000000242,0.009736468,0.000295550
-0.000000054,0.010370082,0.000295650
-0.000000094,0.010581287,0.000295750
-0.000000103,0.010088475,0.000295850
-0.000000206,0.010018074,0.000295950
0.000000101,0.011003696,0.000296050
-0.000000524,0.010158877,0.000296150
-0.000000330,0.010440484,0.000296250
-0.000000337,0.010158877,0.000296350
-0.000000124,0.010651688,0.000296450
0.000000023,0.011144499,0.000296550
-0.000000041,0.010581287,0.000296650
-0.000000188,0.010581287,0.000296750
-0.000000120,0.011285302,0.000296850
0.000000130,0.010018074,0.000296950
-0.000000027,0.010792491,0.000297050
-0.000000274,0.010862892,0.000297150
-0.000000281,0.010722090,0.000297250
-0.000000207,0.010651688,0.000297350
0.000000026,0.011426105,0.000297450
-0.000000261,0.010510885,0.000297550
-0.000000204,0.010651688,0.000297650
-0.000000174,0.010862892,0.000297750
-0.000000225,0.010088475,0.000297850
0.000000092,0.010510885,0.000297950
-0.000000001,0.010299681,0.000298050
-0.000000391,0.010299681,0.000298150
-0.000000324,0.008962051,0.000298250
-0.000000051,0.011003696,0.000298350
-0.000000206,0.010933294,0.000298450
-0.000000174,0.010792491,0.000298550
-0.000000071,0.012411728,0.000298650
-0.000000097,0.010651688,0.000298750
-0.000000110,0.011496507,0.000298850
-0.000000143,0.011426105,0.000298950
0.000000009,0.010722090,0.000299050
-0.000000127,0.009947672,0.000299150
-0.000000190,0.011848515,0.000299250
-0.000000254,0.010440484,0.000299350
-0.000000198,0.011214901,0.000299450
0.000000085,0.011074098,0.000299550
0.000000171,0.010510885,0.000299650
0.000000114,0.011144499,0.000299750
-0.000000248,0.011144499,0.000299850
-0.000000274,0.010722090,0.000299950
-0.000000303,0.010792491,0.000300050
-0.000000194,0.010651688,0.000300150
-0.000000183,0.011003696,0.000300250
-0.000000099,0.010510885,0.000300350
0.000000189,0.010581287,0.000300450
-0.000000100,0.009947672,0.000300550
-0.000000285,0.010581287,0.000300650
-0.000000319,0.011285302,0.000300750
-0.000000267,0.010370082,0.000300850
-0.000000336,0.010440484,0.000300950
-0.000000319,0.010792491,0.000301050
-0.000000149,0.011003696,0.000301150
-0.000000167,0.011285302,0.000301250
-0.000000115,0.010792491,0.000301350
-0.000000020,0.011144499,0.000301450
-0.000000165,0.011355704,0.000301550
-0.000000039,0.010581287,0.000301650
-0.000000240,0.011214901,0.000301750
-0.000000328,0.011355704,0.000301850
-0.000000239,0.011144499,0.000301950
-0.000000104,0.011214901,0.000302050
-0.000000103,0.010370082,0.000302150
-0.000000067,0.011074098,0.000302250
-0.000000201,0.011778113,0.000302350
0.000000020,0.010018074,0.000302450
0.000000271,0.011918916,0.000302550
-0.000000524,0.010510885,0.000302650
-0.000000209,0.010581287,0.000302750
-0.000000228,0.010088475,0.000302850
-0.000000075,0.011144499,0.000302950
0.000000002,0.009947672,0.000303050
-0.000000205,0.010299681,0.000303150
-0.000000322,0.010581287,0.000303250
-0.000000246,0.010862892,0.000303350
-0.000000144,0.010862892,0.000303450
0.000000117,0.011355704,0.000303550
0.000000002,0.011707712,0.000303650
0.000000084,0.011355704,0.000303750
-0.000000128,0.011778113,0.000303850
-0.000000410,0.010018074,0.000303950
-0.000000467,0.010933294,0.000304050
-0.000000236,0.010158877,0.000304150
-0.000000226,0.010229278,0.000304250
-0.000000217,0.010299681,0.000304350
0.000000177,0.010440484,0.000304450
0.000000018,0.011637310,0.000304550
-0.000000202,0.011074098,0.000304650
-0.000000472,0.010088475,0.000304750
-0.000000066,0.010440484,0.000304850
-0.000000136,0.010722090,0.000304950
-0.000000303,0.009877271,0.000305050
-0.000000272,0.010581287,0.000305150
0.000000068,0.011848515,0.000305250
-0.000000045,0.010862892,0.000305350
-0.000000141,0.010862892,0.000305450
-0.000000241,0.010722090,0.000305550
-0.000000191,0.010440484,0.000305650
0.000000014,0.010722090,0.000305750
0.000000058,0.011074098,0.000305850
-0.000000233,0.011355704,0.000305950
-0.000000178,0.011144499,0.000306050
-0.000000163,0.011496507,0.000306150
-0.000000103,0.010510885,0.000306250
-0.000000370,0.011214901,0.000306350
-0.000000185,0.011355704,0.000306450
-0.000000203,0.011003696,0.000306550
-0.000000057,0.011074098,0.000306650
-0.000000122,0.011637310,0.000306750
-0.000000098,0.010933294,0.000306850
-0.000000200,0.011848515,0.000306950
-0.000000310,0.011355704,0.000307050
-0.000000294,0.011707712,0.000307150
-0.000000303,0.011144499,0.000307250
-0.000000133,0.010088475,0.000307350
0.000000010,0.010510885,0.000307450
0.000000097,0.009947672,0.000307550
0.000000023,0.010299681,0.000307650
-0.000000086,0.010440484,0.000307750
-0.000000286,0.010862892,0.000307850
-0.000000395,0.010370082,0.000307950
-0.000000248,0.011003696,0.000308050
-0.000000179,0.010862892,0.000308150
0.000000141,0.010229278,0.000308250
0.000000025,0.010722090,0.000308350
-0.000000098,0.012059719,0.000308450
-0.000000181,0.010158877,0.000308550
-0.000000262,0.010722090,0.000308650
-0.000000425,0.010510885,0.000308750
-0.000000436,0.010370082,0.000308850
-0.000000238,0.010933294,0.000308950
-0.000000129,0.011144499,0.000309050
0.000000002,0.011003696,0.000309150
-0.000000075,0.011003696,0.000309250
0.000000278,0.009877271,0.000309350
0.000000053,0.010370082,0.000309450
-0.000000000,0.011566908,0.000309550
-0.000000253,0.010370082,0.000309650
-0.000000286,0.011285302,0.000309750
-0.000000582,0.010581287,0.000309850
-0.000000661,0.010440484,0.000309950
-0.000000130,0.006427594,0.000310050
0.000001080,-0.002020593,0.000310150
0.000001947,-0.008497536,0.000310250
0.000002101,-0.017016126,0.000310350
0.000002061,-0.023493068,0.000310450
0.000002032,-0.030814830,0.000310550
0.000001852,-0.038488600,0.000310650
0.000001508,-0.046514381,0.000310750
0.000001072,-0.054117747,0.000310850
0.000001212,-0.061087500,0.000310950
0.000001332,-0.068057254,0.000311050
0.000001432,-0.075519823,0.000311150
0.000002042,-0.082841583,0.000311250
0.000002228,-0.091078565,0.000311350
0.000002160,-0.098400332,0.000311450
0.000001856,-0.105933294,0.000311550
0.000001624,-0.113466263,0.000311650
0.000001355,-0.119872808,0.000311750
0.000001384,-0.127898589,0.000311850
0.000001524,-0.136065170,0.000311950
0.000001646,-0.143105313,0.000312050
0.000001820,-0.150286272,0.000312150
0.000001859,-0.157185629,0.000312250
0.000001916,-0.164859399,0.000312350
0.000002184,-0.172251567,0.000312450
0.000002180,-0.180136546,0.000312550
0.000002046,-0.186965495,0.000312650
0.000001786,-0.194780067,0.000312750
0.000001686,-0.202524230,0.000312850
0.000001682,-0.210620418,0.000312950
0.000001790,-0.217871770,0.000313050
0.000001619,-0.223855913,0.000313150
0.000001841,-0.231881693,0.000313250
0.000002100,-0.239485055,0.000313350
0.000002158,-0.246666014,0.000313450
0.000002009,-0.255043805,0.000313550
0.000002061,-0.262224764,0.000313650
0.000002051,-0.269335330,0.000313750
0.000001966,-0.277149886,0.000313850
0.000002143,-0.285316467,0.000313950
0.000001961,-0.293271840,0.000314050
0.000001563,-0.299959987,0.000314150
0.000001790,-0.307844967,0.000314250
0.000001930,-0.315025926,0.000314350
0.000001804,-0.323755711,0.000314450
0.000002069,-0.330091864,0.000314550
0.000001990,-0.337976843,0.000314650
0.000002100,-0.344594598,0.000314750
0.000002154,-0.352549970,0.000314850
0.000002241,-0.361490965,0.000314950
0.000002144,-0.367686301,0.000315050
0.000002046,-0.375219256,0.000315150
0.000002081,-0.382329822,0.000315250
0.000001836,-0.390426010,0.000315350
0.000001905,-0.398099780,0.000315450
0.000002035,-0.405773550,0.000315550
0.000002019,-0.413024902,0.000315650
0.000002037,-0.419642657,0.000315750
0.000001768,-0.427879632,0.000315850
0.000002326,-0.434286177,0.000315950
0.000002231,-0.443086356,0.000316050
0.000002200,-0.450337738,0.000316150
0.000001892,-0.457096279,0.000316250
0.000002162,-0.465262860,0.000316350
0.000002128,-0.472021401,0.000316450
0.000001921,-0.479765594,0.000316550
0.000001924,-0.487298548,0.000316650
0.000001877,-0.494761109,0.000316750
0.000002179,-0.501097262,0.000316850
0.000002360,-0.508700609,0.000316950
0.000002313,-0.516867220,0.000317050
0.000002035,-0.525385797,0.000317150
0.000002370,-0.532003522,0.000317250
0.000001822,-0.539254904,0.000317350
0.000002055,-0.547280669,0.000317450
0.000002044,-0.553828001,0.000317550
0.000001943,-0.561642587,0.000317650
0.000002340,-0.569738805,0.000317750
0.000002169,-0.576356530,0.000317850
0.000002060,-0.586142361,0.000317950
0.000001818,-0.592056096,0.000318050
0.000002063,-0.599377811,0.000318150
0.000002376,-0.607685208,0.000318250
0.000002483,-0.614654958,0.000318350
0.000002290,-0.622328758,0.000318450
0.000002322,-0.630072892,0.000318550
0.000002492,-0.637465060,0.000318650
0.000002166,-0.644012451,0.000318750
0.000002093,-0.650770962,0.000318850
0.000002264,-0.659430385,0.000318950
0.000002090,-0.667315364,0.000319050
0.000001976,-0.674285114,0.000319150
0.000002302,-0.682029247,0.000319250
0.000002312,-0.689491808,0.000319350
0.000002577,-0.697447181,0.000319450
0.000002475,-0.703853726,0.000319550
0.000002364,-0.711457133,0.000319650
0.000002136,-0.719060481,0.000319750
0.000002151,-0.725959837,0.000319850
0.000002102,-0.734900832,0.000319950
0.000002069,-0.742433786,0.000320050
0.000002089,-0.749192357,0.000320150
0.000002287,-0.757922173,0.000320250
0.000002307,-0.764962316,0.000320350
0.000002266,-0.772776902,0.000320450
0.000002219,-0.779535413,0.000320550
0.000002255,-0.787138820,0.000320650
0.000002517,-0.794108570,0.000320750
0.000002692,-0.801359892,0.000320850
0.000002745,-0.808611274,0.000320950
0.000002667,-0.816285014,0.000321050
0.000002483,-0.823606789,0.000321150
0.000002317,-0.831491768,0.000321250
0.000002270,-0.839939952,0.000321350
0.000002760,-0.847754538,0.000321450
0.000002616,-0.854090691,0.000321550
0.000002482,-0.862750053,0.000321650
0.000002536,-0.870071828,0.000321750
0.000002480,-0.877886415,0.000321850
0.000002616,-0.884222567,0.000321950
0.000002818,-0.891896307,0.000322050
0.000002615,-0.898232460,0.000322150
0.000002406,-0.906047046,0.000322250
0.000002344,-0.914354444,0.000322350
0.000002332,-0.921394587,0.000322450
0.000002478,-0.929701924,0.000322550
0.000002696,-0.935826898,0.000322650
0.000002744,-0.944486260,0.000322750
0.000002696,-0.951948822,0.000322850
0.000002777,-0.959552228,0.000322950
0.000002538,-0.966240346,0.000323050
0.000002672,-0.974406958,0.000323150
0.000002667,-0.981799126,0.000323250
0.000002544,-0.988557637,0.000323350
0.000002530,-0.997428238,0.000323450
0.000002576,-1.004045963,0.000323550
0.000002787,-1.012846231,0.000323650
0.000002720,-1.020449519,0.000323750
0.000002714,-1.027489662,0.000323850
0.000002595,-1.035585880,0.000323950
0.000002623,-1.042696476,0.000324050
0.000002671,-1.049455047,0.000324150
0.000002679,-1.057410359,0.000324250
0.000002556,-1.064309716,0.000324350
0.000002727,-1.072265148,0.000324450
0.000002832,-1.080220461,0.000324550
0.000002717,-1.087753415,0.000324650
0.000002820,-1.095568061,0.000324750
0.000002680,-1.101692915,0.000324850
0.000002618,-1.110211611,0.000324950
0.000002836,-1.116547704,0.000325050
0.000002815,-1.123376608,0.000325150
0.000002983,-1.131895185,0.000325250
0.000003139,-1.139005780,0.000325350
0.000002965,-1.147454023,0.000325450
0.000002839,-1.154353380,0.000325550
0.000002621,-1.161252737,0.000325650
0.000002547,-1.168081641,0.000325750
0.000002675,-1.176529884,0.000325850
0.000003013,-1.181457877,0.000325950
0.000002934,-1.190750957,0.000326050
0.000003022,-1.197931886,0.000326150
0.000002602,-1.205676079,0.000326250
0.000002943,-1.213349819,0.000326350
0.000003209,-1.220812440,0.000326450
0.000003221,-1.228838205,0.000326550
0.000002948,-1.235948801,0.000326650
0.000002735,-1.244044900,0.000326750
0.000002855,-1.250662684,0.000326850
0.000002863,-1.257914066,0.000326950
0.000002838,-1.265094995,0.000327050
0.000002794,-1.273613572,0.000327150
0.000003057,-1.280020118,0.000327250
0.000002907,-1.288397908,0.000327350
0.000002974,-1.296423674,0.000327450
0.000002987,-1.303745389,0.000327550
0.000003060,-1.311067224,0.000327650
0.000002915,-1.318318605,0.000327750
0.000002893,-1.325851560,0.000327850
0.000003120,-1.332398891,0.000327950
0.000003277,-1.341269493,0.000328050
0.000003065,-1.348098397,0.000328150
0.000002898,-1.354997754,0.000328250
0.000002660,-1.362671494,0.000328350
0.000002886,-1.369782090,0.000328450
0.000003136,-1.377878308,0.000328550
0.000003060,-1.385340810,0.000328650
0.000002999,-1.393225789,0.000328750
0.000003156,-1.399984360,0.000328850
0.000003245,-1.407728553,0.000328950
0.000003209,-1.415120721,0.000329050
0.000003198,-1.423287272,0.000329150
0.000003168,-1.431453824,0.000329250
0.000003117,-1.438916445,0.000329350
0.000003078,-1.446167827,0.000329450
0.000003309,-1.452926397,0.000329550
0.000003182,-1.461022496,0.000329650
0.000002953,-1.469400287,0.000329750
0.000003168,-1.476158857,0.000329850
0.000003164,-1.484536648,0.000329950
0.000003093,-1.491224766,0.000330050
0.000003057,-1.498968959,0.000330150
0.000003178,-1.505797982,0.000330250
0.000003250,-1.512626886,0.000330350
0.000003082,-1.520582199,0.000330450
0.000003120,-1.528537631,0.000330550
0.000003144,-1.535436988,0.000330650
0.000002966,-1.543392301,0.000330750
0.000003119,-1.551277280,0.000330850
0.000002876,-1.558106303,0.000330950
0.000002973,-1.565780044,0.000331050
0.000003175,-1.572538614,0.000331150
0.000003347,-1.581127644,0.000331250
0.000003181,-1.588167787,0.000331350
0.000003158,-1.595419168,0.000331450
0.000003197,-1.602459311,0.000331550
0.000003182,-1.609992266,0.000331650
0.000003111,-1.617384434,0.000331750
0.000003171,-1.625691772,0.000331850
0.000003327,-1.632309556,0.000331950
0.000003229,-1.639631271,0.000332050
0.000003323,-1.647727489,0.000332150
0.000003279,-1.656175613,0.000332250
0.000003141,-1.662793398,0.000332350
0.000003281,-1.670537591,0.000332450
0.000003164,-1.678774595,0.000332550
0.000003028,-1.685533166,0.000332650
0.000003444,-1.694051743,0.000332750
0.000003458,-1.700810194,0.000332850
0.000003263,-1.707991242,0.000332950
0.000003095,-1.716580153,0.000333050
0.000003074,-1.723268390,0.000333150
0.000003190,-1.731716514,0.000333250
0.000003039,-1.738193512,0.000333350
0.000002992,-1.745444894,0.000333450
0.000003135,-1.753329754,0.000333550
0.000003169,-1.760510802,0.000333650
0.000003349,-1.768536568,0.000333750
0.000003263,-1.775999069,0.000333850
0.000003184,-1.783532023,0.000333950
0.000003044,-1.790924191,0.000334050
0.000003190,-1.797894001,0.000334150
0.000003191,-1.805215716,0.000334250
0.000003281,-1.812678337,0.000334350
0.000003387,-1.820774555,0.000334450
0.000003236,-1.828237057,0.000334550
0.000003343,-1.836755633,0.000334650
0.000003338,-1.843725443,0.000334750
0.000003117,-1.851469636,0.000334850
0.000003360,-1.858368993,0.000334950
0.000003394,-1.866183519,0.000335050
0.000003344,-1.873294115,0.000335150
0.000003126,-1.881460667,0.000335250
0.000003263,-1.889275193,0.000335350
0.000003248,-1.896033764,0.000335450
0.000003063,-1.902862668,0.000335550
0.000003067,-1.911099672,0.000335650
0.000003382,-1.917647004,0.000335750
0.000003162,-1.925954461,0.000335850
0.000003102,-1.933628201,0.000335950
0.000003335,-1.941090822,0.000336050
0.000003397,-1.947074890,0.000336150
0.000003328,-1.955311894,0.000336250
0.000003183,-1.963056087,0.000336350
0.000003099,-1.970589042,0.000336450
0.000003216,-1.978051543,0.000336550
0.000003072,-1.986359000,0.000336650
0.000003143,-1.992624760,0.000336750
0.000003285,-2.000157595,0.000336850
0.000003307,-2.007127523,0.000336950
0.000003181,-2.015716314,0.000337050
0.000003595,-2.023108482,0.000337150
0.000003281,-2.029867172,0.000337250
0.000003342,-2.039089680,0.000337350
0.000003083,-2.045566797,0.000337450
0.000003190,-2.053099632,0.000337550
0.000003604,-2.060562134,0.000337650
0.000003270,-2.068517685,0.000337750
0.000003349,-2.076754570,0.000337850
0.000002952,-2.082386732,0.000337950
0.000003419,-2.090271711,0.000338050
0.000003193,-2.097945452,0.000338150
0.000003319,-2.106393576,0.000338250
0.000003358,-2.112870693,0.000338350
0.000003659,-2.121037245,0.000338450
0.000003393,-2.128147602,0.000338550
0.000003144,-2.135328770,0.000338650
0.000003188,-2.142720938,0.000338750
0.000002941,-2.149760962,0.000338850
0.000003318,-2.156730652,0.000338950
0.000003019,-2.164826870,0.000339050
0.000003496,-2.172782421,0.000339150
0.000003327,-2.179752111,0.000339250
0.000003544,-2.187425852,0.000339350
0.000003541,-2.196366787,0.000339450
0.000003248,-2.203266144,0.000339550
0.000003115,-2.210235834,0.000339650
0.000003354,-2.218402624,0.000339750
0.000003388,-2.225301981,0.000339850
0.000003141,-2.233820438,0.000339950
0.000003176,-2.240508556,0.000340050
0.000003141,-2.248816013,0.000340150
0.000003406,-2.256137848,0.000340250
0.000003566,-2.263881922,0.000340350
0.000003769,-2.270288467,0.000340450
0.000003598,-2.277750969,0.000340550
0.000003404,-2.286128759,0.000340650
0.000003299,-2.293873072,0.000340750
0.000003295,-2.300772429,0.000340850
0.000002958,-2.308586836,0.000340950
0.000003063,-2.316331148,0.000341050
0.000003315,-2.323441744,0.000341150
0.000003482,-2.330341101,0.000341250
0.000003497,-2.337733269,0.000341350
0.000003640,-2.345477343,0.000341450
0.000003782,-2.353643894,0.000341550
0.000003652,-2.361951351,0.000341650
0.000003475,-2.368709803,0.000341750
0.000003190,-2.375468493,0.000341850
0.000003101,-2.383353472,0.000341950
0.000003142,-2.390815973,0.000342050
0.000003125,-2.398841619,0.000342150
0.000003422,-2.406233788,0.000342250
0.000003611,-2.414330006,0.000342350
0.000003440,-2.420877457,0.000342450
0.000003608,-2.427776814,0.000342550
0.000003781,-2.435661793,0.000342650
0.000003690,-2.443546772,0.000342750
0.000003473,-2.450164557,0.000342850
0.000003622,-2.459105492,0.000342950
0.000003607,-2.466708899,0.000343050
0.000003260,-2.473256111,0.000343150
0.000003246,-2.481281996,0.000343250
0.000003531,-2.488251686,0.000343350
0.000003663,-2.496347904,0.000343450
0.000003712,-2.503951311,0.000343550
0.000003700,-2.510639429,0.000343650
0.000003742,-2.518735647,0.000343750
0.000003501,-2.525775671,0.000343850
0.000003586,-2.533801556,0.000343950
0.000003618,-2.541052818,0.000344050
0.000003453,-2.548797131,0.000344150
0.000003415,-2.555907488,0.000344250
0.000003560,-2.563299656,0.000344350
0.000003374,-2.570339918,0.000344450
0.000003564,-2.578224897,0.000344550
0.000003558,-2.584772348,0.000344650
0.000003605,-2.592657328,0.000344750
0.000003713,-2.600049257,0.000344850
0.000003860,-2.607089520,0.000344950
0.000003676,-2.614833593,0.000345050
0.000003656,-2.623422623,0.000345150
0.000003540,-2.631026030,0.000345250
0.000003503,-2.637573481,0.000345350
0.000003626,-2.645740032,0.000345450
0.000003498,-2.653765678,0.000345550
0.000003641,-2.661439419,0.000345650
0.000003751,-2.667775631,0.000345750
0.000003687,-2.675801516,0.000345850
0.000003658,-2.682208061,0.000345950
0.000003823,-2.689740896,0.000346050
0.000003604,-2.698048353,0.000346150
0.000003822,-2.704736471,0.000346250
0.000004106,-2.712973595,0.000346350
0.000003834,-2.720295191,0.000346450
0.000003700,-2.727335453,0.000346550
0.000003607,-2.736276388,0.000346650
0.000003832,-2.742753267,0.000346750
0.000003572,-2.750286341,0.000346850
0.000003742,-2.757044792,0.000346950
0.000003731,-2.765493155,0.000347050
0.000003853,-2.773659706,0.000347150
0.000003925,-2.781403780,0.000347250
0.000003779,-2.788232803,0.000347350
0.000003842,-2.795976877,0.000347450
0.000003861,-2.803228378,0.000347550
0.000003764,-2.810620546,0.000347650
0.000003869,-2.817238092,0.000347750
0.000003827,-2.826108694,0.000347850
0.000003601,-2.832656145,0.000347950
0.000003879,-2.840329885,0.000348050
0.000003956,-2.846947670,0.000348150
0.000004072,-2.855395794,0.000348250
0.000003789,-2.862295151,0.000348350
0.000003797,-2.869335413,0.000348450
0.000003826,-2.877713203,0.000348550
0.000003905,-2.886302233,0.000348650
0.000003787,-2.893412590,0.000348750
0.000003713,-2.900311947,0.000348850
0.000003730,-2.907211304,0.000348950
0.000003844,-2.914533138,0.000349050
0.000003887,-2.923474073,0.000349150
0.000003694,-2.930584669,0.000349250
0.000003900,-2.937765598,0.000349350
0.000004129,-2.945650578,0.000349450
0.000004029,-2.952409267,0.000349550
0.000003962,-2.959730864,0.000349650
0.000003813,-2.967545509,0.000349750
0.000003769,-2.975008011,0.000349850
0.000003643,-2.980992317,0.000349950
0.000003738,-2.981977940,0.000350050
0.000002645,-2.976204872,0.000350150
0.000000785,-2.970220804,0.000350250
-0.000001107,-2.962124586,0.000350350
-0.000002083,-2.954169273,0.000350450
-0.000002507,-2.946495533,0.000350550
-0.000002640,-2.938539982,0.000350650
-0.000002769,-2.931640625,0.000350750
-0.000002704,-2.923966885,0.000350850
-0.000002802,-2.916011572,0.000350950
-0.000002806,-2.908056259,0.000351050
-0.000002738,-2.901579142,0.000351150
-0.000002731,-2.892919779,0.000351250
-0.000002685,-2.886020422,0.000351350
-0.000003133,-2.878206015,0.000351450
-0.000003052,-2.870954514,0.000351550
-0.000003000,-2.864196062,0.000351650
-0.000003010,-2.857226372,0.000351750
-0.000002753,-2.848707676,0.000351850
-0.000002973,-2.840822697,0.000351950
-0.000003093,-2.833853006,0.000352050
-0.000003278,-2.826108694,0.000352150
-0.000003067,-2.818153381,0.000352250
-0.000003128,-2.811606169,0.000352350
-0.000002814,-2.803721189,0.000352450
-0.000002823,-2.795906544,0.000352550
-0.000003302,-2.788444042,0.000352650
-0.000003301,-2.780699730,0.000352750
-0.000003402,-2.772674084,0.000352850
-0.000003130,-2.766971588,0.000352950
-0.000002989,-2.759368181,0.000353050
-0.000003055,-2.752609491,0.000353150
-0.000003039,-2.743598223,0.000353250
-0.000003011,-2.735853910,0.000353350
-0.000003014,-2.728954554,0.000353450
-0.000003110,-2.721914530,0.000353550
-0.000003026,-2.714099884,0.000353650
-0.000003176,-2.706074238,0.000353750
-0.000003084,-2.698189259,0.000353850
-0.000003204,-2.690444946,0.000353950
-0.000003313,-2.684390545,0.000354050
-0.000003140,-2.675801516,0.000354150
-0.000002932,-2.669042826,0.000354250
-0.000002954,-2.661932230,0.000354350
-0.000003230,-2.653413773,0.000354450
-0.000003262,-2.645387888,0.000354550
-0.000003390,-2.638066292,0.000354650
-0.000003228,-2.630392551,0.000354750
-0.000003309,-2.623281956,0.000354850
-0.000003230,-2.615819216,0.000354950
-0.000003140,-2.608216047,0.000355050
-0.000003249,-2.601246119,0.000355150
-0.000003155,-2.594065189,0.000355250
-0.000003093,-2.585828304,0.000355350
-0.000003143,-2.579421759,0.000355450
-0.000003057,-2.571325541,0.000355550
-0.000002674,-2.564144611,0.000355650
-0.000003119,-2.556682110,0.000355750
-0.000003112,-2.548656225,0.000355850
-0.000002930,-2.541052818,0.000355950
-0.000002991,-2.533238411,0.000356050
-0.000003081,-2.526409388,0.000356150
-0.000003137,-2.519932508,0.000356250
-0.000003217,-2.511695385,0.000356350
-0.000003345,-2.504655361,0.000356450
-0.000003177,-2.497685432,0.000356550
-0.000003067,-2.489871025,0.000356650
-0.000003113,-2.482619524,0.000356750
-0.000002968,-2.474523306,0.000356850
-0.000002890,-2.467060804,0.000356950
-0.000003016,-2.459879875,0.000357050
-0.000003230,-2.452628613,0.000357150
-0.000003021,-2.444743633,0.000357250
-0.000003218,-2.436928988,0.000357350
-0.000003268,-2.429888725,0.000357450
-0.000003131,-2.422003746,0.000357550
-0.000003229,-2.415174961,0.000357650
-0.000003010,-2.407501221,0.000357750
-0.000002977,-2.399968147,0.000357850
-0.000003002,-2.392012835,0.000357950
-0.000003203,-2.384550095,0.000358050
-0.000003156,-2.377157927,0.000358150
-0.000003310,-2.369625092,0.000358250
-0.000003039,-2.362514496,0.000358350
-0.000002973,-2.353925467,0.000358450
-0.000002888,-2.347378254,0.000358550
-0.000003018,-2.339915514,0.000358650
-0.000003247,-2.331608295,0.000358750
-0.000003248,-2.324638367,0.000358850
-0.000003292,-2.317387104,0.000358950
-0.000002875,-2.309854031,0.000359050
-0.000003291,-2.302180290,0.000359150
-0.000003106,-2.295492172,0.000359250
-0.000002993,-2.287114382,0.000359350
-0.000003076,-2.279581547,0.000359450
-0.000002942,-2.272963762,0.000359550
-0.000002857,-2.265430689,0.000359650
-0.000003227,-2.257686615,0.000359750
-0.000003341,-2.249731302,0.000359850
-0.000003116,-2.243183851,0.000359950
-0.000003395,-2.235158205,0.000360050
-0.000003002,-2.227343559,0.000360150
-0.000003115,-2.218684196,0.000360250
-0.000002828,-2.212277651,0.000360350
-0.000003208,-2.205026150,0.000360450
-0.000002851,-2.197352409,0.000360550
-0.000002869,-2.189819574,0.000360650
-0.000003119,-2.182004929,0.000360750
-0.000003191,-2.175457478,0.000360850
-0.000003030,-2.167361498,0.000360950
-0.000003033,-2.160250902,0.000361050
-0.000003027,-2.151661873,0.000361150
-0.000003100,-2.144199371,0.000361250
-0.000003163,-2.138003826,0.000361350
-0.000002936,-2.130470991,0.000361450
-0.000002888,-2.122093201,0.000361550
-0.000003176,-2.114349127,0.000361650
-0.000003332,-2.106464148,0.000361750
-0.000003352,-2.098790169,0.000361850
-0.000003082,-2.092102051,0.000361950
-0.000003122,-2.084639549,0.000362050
-0.000002776,-2.076613665,0.000362150
-0.000003024,-2.069503307,0.000362250
-0.000002781,-2.062463045,0.000362350
-0.000003154,-2.054648399,0.000362450
-0.000003115,-2.047749043,0.000362550
-0.000002722,-2.038315296,0.000362650
-0.000002927,-2.031486273,0.000362750
-0.000003178,-2.024235010,0.000362850
-0.000003097,-2.016631603,0.000362950
-0.000003073,-2.009943485,0.000363050
-0.000003080,-2.001072884,0.000363150
-0.000003081,-1.993258357,0.000363250
-0.000003236,-1.986359000,0.000363350
-0.000003148,-1.978755593,0.000363450
-0.000003088,-1.970659375,0.000363550
-0.000002988,-1.963971257,0.000363650
-0.000002939,-1.956860662,0.000363750
-0.000002953,-1.948764563,0.000363850
-0.000002849,-1.941794753,0.000363950
-0.000002792,-1.934543371,0.000364050
-0.000003040,-1.927644014,0.000364150
-0.000003025,-1.919970274,0.000364250
-0.000003120,-1.913000584,0.000364350
-0.000003274,-1.904552341,0.000364450
-0.000003318,-1.897019386,0.000364550
-0.000003178,-1.890683293,0.000364650
-0.000003108,-1.882798314,0.000364750
-0.000003283,-1.874913335,0.000364850
-0.000003029,-1.868647575,0.000364950
-0.000002640,-1.859988213,0.000365050
-0.000002948,-1.852244020,0.000365150
-0.000003072,-1.845344663,0.000365250
-0.000003096,-1.838445306,0.000365350
-0.000003226,-1.829997063,0.000365450
-0.000003182,-1.822041750,0.000365550
-0.000002916,-1.815705538,0.000365650
-0.000003000,-1.807046175,0.000365750
-0.000002998,-1.799654007,0.000365850
-0.000003054,-1.790642619,0.000365950
-0.000002835,-1.784799337,0.000366050
-0.000003088,-1.777759194,0.000366150
-0.000003029,-1.769662976,0.000366250
-0.000003032,-1.762130022,0.000366350
-0.000003183,-1.754878640,0.000366450
-0.000003117,-1.747064114,0.000366550
-0.000003108,-1.739531159,0.000366650
-0.000003149,-1.732420564,0.000366750
-0.000002807,-1.725309968,0.000366850
-0.000002922,-1.717354655,0.000366950
-0.000002971,-1.710032821,0.000367050
-0.000002828,-1.702640653,0.000367150
-0.000002963,-1.694333315,0.000367250
-0.000003059,-1.687504292,0.000367350
-0.000003168,-1.679196954,0.000367450
-0.000003103,-1.672649622,0.000367550
-0.000003368,-1.664905429,0.000367650
-0.000002975,-1.656809211,0.000367750
-0.000003048,-1.649135470,0.000367850
-0.000003089,-1.642024994,0.000367950
-0.000002902,-1.634632826,0.000368050
-0.000002823,-1.628015041,0.000368150
-0.000003122,-1.619496465,0.000368250
-0.000003114,-1.612033844,0.000368350
-0.000003174,-1.604712129,0.000368450
-0.000003028,-1.597179174,0.000368550
-0.000003192,-1.589646220,0.000368650
-0.000002939,-1.582113266,0.000368750
-0.000002950,-1.574298620,0.000368850
-0.000003059,-1.567469716,0.000368950
-0.000003205,-1.560077548,0.000369050
-0.000003007,-1.552333355,0.000369150
-0.000003099,-1.545574784,0.000369250
-0.000002951,-1.537408233,0.000369350
-0.000002925,-1.530649662,0.000369450
-0.000002787,-1.521356702,0.000369550
-0.000002977,-1.515794992,0.000369650
-0.000003023,-1.507910013,0.000369750
-0.000003249,-1.500236154,0.000369850
-0.000003085,-1.492421627,0.000369950
-0.000003142,-1.485592723,0.000370050
-0.000003011,-1.478341341,0.000370150
-0.000003124,-1.470385909,0.000370250
-0.000003096,-1.462571383,0.000370350
-0.000003107,-1.454545617,0.000370450
-0.000003139,-1.446942210,0.000370550
-0.000002898,-1.441028476,0.000370650
-0.000002687,-1.433002710,0.000370750
-0.000002736,-1.424906492,0.000370850
-0.000003083,-1.417866349,0.000370950
-0.000003104,-1.409136534,0.000371050
-0.000003149,-1.402941227,0.000371150
-0.000003132,-1.394915462,0.000371250
-0.000003239,-1.387804866,0.000371350
-0.000003146,-1.379145503,0.000371450
-0.000003020,-1.372668624,0.000371550
-0.000002760,-1.365417242,0.000371650
-0.000002745,-1.357391477,0.000371750
-0.000002903,-1.350210428,0.000371850
-0.000002845,-1.343029499,0.000371950
-0.000002871,-1.335637331,0.000372050
-0.000002853,-1.327470779,0.000372150
-0.000002937,-1.320430636,0.000372250
-0.000003113,-1.313179255,0.000372350
-0.000003226,-1.305787086,0.000372450
-0.000003236,-1.298254132,0.000372550
-0.000003197,-1.291073203,0.000372650
-0.000002912,-1.284033060,0.000372750
-0.000002821,-1.275232792,0.000372850
-0.000002531,-1.268615007,0.000372950
-0.000002880,-1.260870934,0.000373050
-0.000003180,-1.253126740,0.000373150
-0.000003072,-1.245593786,0.000373250
-0.000003169,-1.238131166,0.000373350
-0.000003379,-1.231372595,0.000373450
-0.000003282,-1.222994804,0.000373550
-0.000003232,-1.215391517,0.000373650
-0.000002847,-1.207436085,0.000373750
-0.000002799,-1.199410319,0.000373850
-0.000002813,-1.192933440,0.000373950
-0.000002632,-1.185118794,0.000374050
-0.000002612,-1.178078651,0.000374150
-0.000002959,-1.169912100,0.000374250
-0.000003012,-1.163153529,0.000374350
-0.000003068,-1.155831814,0.000374450
-0.000003166,-1.149073243,0.000374550
-0.000003240,-1.140484214,0.000374650
-0.000003126,-1.133162498,0.000374750
-0.000002849,-1.126122355,0.000374850
-0.000002513,-1.118589282,0.000374950
-0.000002609,-1.111197233,0.000375050
-0.000002853,-1.103382587,0.000375150
-0.000002732,-1.096342444,0.000375250
-0.000003096,-1.088527918,0.000375350
-0.000003170,-1.081206083,0.000375450
-0.000003072,-1.073532343,0.000375550
-0.000003183,-1.066280961,0.000375650
-0.000003330,-1.059381604,0.000375750
-0.000003015,-1.051637411,0.000375850
-0.000002953,-1.043611646,0.000375950
-0.000002638,-1.035585880,0.000376050
-0.000003018,-1.028897762,0.000376150
-0.000003063,-1.020660758,0.000376250
-0.000002887,-1.013409376,0.000376350
-0.000002891,-1.005735636,0.000376450
-0.000002799,-0.997850657,0.000376550
-0.000003002,-0.990810513,0.000376650
-0.000003108,-0.983066320,0.000376750
-0.000002837,-0.976026177,0.000376850
-0.000002797,-0.968211591,0.000376950
-0.000002719,-0.960678637,0.000377050
-0.000003004,-0.953216076,0.000377150
-0.000003151,-0.946598351,0.000377250
-0.000002898,-0.937586904,0.000377350
-0.000002895,-0.931391597,0.000377450
-0.000002776,-0.922380209,0.000377550
-0.000002906,-0.915480852,0.000377650
-0.000003105,-0.908088684,0.000377750
-0.000002830,-0.900907695,0.000377850
-0.000002874,-0.893726766,0.000377950
-0.000002954,-0.885982573,0.000378050
-0.000003024,-0.878308833,0.000378150
-0.000002892,-0.870987058,0.000378250
-0.000002898,-0.863876522,0.000378350
-0.000002796,-0.856554747,0.000378450
-0.000002732,-0.848036170,0.000378550
-0.000002812,-0.841418386,0.000378650
-0.000002546,-0.834096611,0.000378750
-0.000002903,-0.825859666,0.000378850
-0.000003070,-0.818397105,0.000378950
-0.000003074,-0.810934544,0.000379050
-0.000003230,-0.803049564,0.000379150
-0.000003052,-0.794812560,0.000379250
-0.000002894,-0.788617253,0.000379350
-0.000003080,-0.780098617,0.000379450
-0.000002735,-0.774396122,0.000379550
-0.000002782,-0.766370356,0.000379650
-0.000002813,-0.759189367,0.000379750
-0.000002848,-0.752149224,0.000379850
-0.000003086,-0.743489802,0.000379950
-0.000002764,-0.735745668,0.000380050
-0.000002898,-0.728494287,0.000380150
-0.000002631,-0.721383750,0.000380250
-0.000003099,-0.713569164,0.000380350
-0.000003126,-0.706317782,0.000380450
-0.000003009,-0.699066460,0.000380550
-0.000002681,-0.692026258,0.000380650
-0.000002731,-0.684211731,0.000380750
-0.000002442,-0.676397145,0.000380850
-0.000002753,-0.668512166,0.000380950
-0.000003000,-0.661612809,0.000381050
-0.000003027,-0.654361427,0.000381150
-0.000003259,-0.646335661,0.000381250
-0.000002669,-0.639365911,0.000381350
-0.000003167,-0.631762564,0.000381450
-0.000002680,-0.624300003,0.000381550
-0.000002966,-0.616133392,0.000381650
-0.000002826,-0.608318806,0.000381750
-0.000002604,-0.601137877,0.000381850
-0.000002749,-0.593464077,0.000381950
-0.000002821,-0.586212754,0.000382050
-0.000002838,-0.579102159,0.000382150
-0.000002882,-0.571217179,0.000382250
-0.000003018,-0.564036250,0.000382350
-0.000003107,-0.555728853,0.000382450
-0.000003036,-0.548477530,0.000382550
-0.000002875,-0.541085362,0.000382650
-0.000002787,-0.533622801,0.000382750
-0.000003143,-0.526230633,0.000382850
-0.000002873,-0.518204808,0.000382950
-0.000002694,-0.511516690,0.000383050
-0.000002627,-0.503279686,0.000383150
-0.000002659,-0.495887548,0.000383250
-0.000002765,-0.490325809,0.000383350
-0.000002774,-0.480469584,0.000383450
-0.000003091,-0.473077446,0.000383550
-0.000003140,-0.467445314,0.000383650
-0.000003070,-0.459419519,0.000383750
-0.000002685,-0.451534569,0.000383850
-0.000002978,-0.444424003,0.000383950
-0.000002839,-0.436891019,0.000384050
-0.000002667,-0.428654045,0.000384150
-0.000002901,-0.420769066,0.000384250
-0.000002931,-0.415066540,0.000384350
-0.000002749,-0.407533586,0.000384450
-0.000002902,-0.400141418,0.000384550
-0.000002831,-0.391834021,0.000384650
-0.000002753,-0.385497898,0.000384750
-0.000003111,-0.376979291,0.000384850
-0.000003077,-0.370220751,0.000384950
-0.000003020,-0.362687796,0.000385050
-0.000002916,-0.354450792,0.000385150
-0.000002860,-0.346495420,0.000385250
-0.000002707,-0.339314461,0.000385350
-0.000002810,-0.330936670,0.000385450
-0.000002762,-0.324530154,0.000385550
-0.000002798,-0.316574752,0.000385650
-0.000002692,-0.309745818,0.000385750
-0.000002898,-0.302072048,0.000385850
-0.000002904,-0.294257462,0.000385950
-0.000002968,-0.287498921,0.000386050
-0.000003075,-0.280247569,0.000386150
-0.000002650,-0.271728963,0.000386250
-0.000002745,-0.264266402,0.000386350
-0.000002891,-0.257507861,0.000386450
-0.000003069,-0.249341279,0.000386550
-0.000002744,-0.242160320,0.000386650
-0.000002679,-0.235049754,0.000386750
-0.000002978,-0.227235183,0.000386850
-0.000003151,-0.220054224,0.000386950
-0.000003216,-0.212662056,0.000387050
-0.000003244,-0.205269903,0.000387150
-0.000003284,-0.197314516,0.000387250
-0.000003268,-0.189218342,0.000387350
-0.000002816,-0.181192562,0.000387450
-0.000002643,-0.175067633,0.000387550
-0.000002627,-0.166056231,0.000387650
-0.000002561,-0.159156874,0.000387750
-0.000002713,-0.152539134,0.000387850
-0.000002880,-0.145498976,0.000387950
-0.000002602,-0.137402788,0.000388050
-0.000002795,-0.129799426,0.000388150
-0.000002936,-0.122477666,0.000388250
-0.000002812,-0.114451885,0.000388350
-0.000002830,-0.107482128,0.000388450
-0.000002887,-0.100160368,0.000388550
-0.000002934,-0.092134587,0.000388650
-0.000002910,-0.084672026,0.000388750
-0.000002889,-0.077491067,0.000388850
-0.000003080,-0.070732519,0.000388950
-0.000002816,-0.062354729,0.000389050
-0.000003006,-0.054821763,0.000389150
-0.000002914,-0.047499999,0.000389250
-0.000002880,-0.040037435,0.000389350
-0.000002893,-0.031659648,0.000389450
-0.000002873,-0.024337888,0.000389550
-0.000002742,-0.016875321,0.000389650
-0.000002925,-0.010257576,0.000389750
-0.000002862,-0.002443002,0.000389850
-0.000003054,0.004737957,0.000389950
-0.000002683,0.009314058,0.000390050
-0.000001735,0.009384460,0.000390150
-0.000000984,0.009595665,0.000390250
-0.000000657,0.010581287,0.000390350
-0.000000520,0.009877271,0.000390450
-0.000000342,0.010722090,0.000390550
-0.000000495,0.009806870,0.000390650
-0.000000543,0.009877271,0.000390750
-0.000000461,0.009314058,0.000390850
-0.000000732,0.010018074,0.000390950
-0.000000603,0.009736468,0.000391050
-0.000000341,0.009666067,0.000391150
-0.000000359,0.009736468,0.000391250
-0.000000424,0.010158877,0.000391350
-0.000000683,0.009736468,0.000391450
-0.000000653,0.010018074,0.000391550
-0.000000564,0.011285302,0.000391650
-0.000000431,0.010018074,0.000391750
-0.000000450,0.010933294,0.000391850
-0.000000431,0.009173255,0.000391950
-0.000000534,0.009736468,0.000392050
-0.000000106,0.009314058,0.000392150
-0.000000314,0.010370082,0.000392250
-0.000000693,0.010299681,0.000392350
-0.000000306,0.010792491,0.000392450
-0.000000382,0.011074098,0.000392550
-0.000000247,0.010440484,0.000392650
-0.000000298,0.010088475,0.000392750
-0.000000538,0.009102854,0.000392850
-0.000000450,0.010018074,0.000392950
-0.000000404,0.010229278,0.000393050
-0.000000418,0.009314058,0.000393150
-0.000000414,0.010088475,0.000393250
-0.000000396,0.010229278,0.000393350
-0.000000282,0.010370082,0.000393450
-0.000000105,0.010088475,0.000393550
-0.000000481,0.010229278,0.000393650
-0.000000399,0.009736468,0.000393750
-0.000000502,0.010581287,0.000393850
-0.000000551,0.011074098,0.000393950
-0.000000405,0.009877271,0.000394050
-0.000000283,0.010933294,0.000394150
-0.000000291,0.010370082,0.000394250
-0.000000237,0.010299681,0.000394350
-0.000000347,0.010510885,0.000394450
-0.000000456,0.009947672,0.000394550
-0.000000302,0.010299681,0.000394650
-0.000000181,0.010088475,0.000394750
-0.000000273,0.010370082,0.000394850
-0.000000273,0.009032452,0.000394950
-0.000000130,0.009877271,0.000395050
-0.000000111,0.009877271,0.000395150
-0.000000309,0.010018074,0.000395250
-0.000000423,0.009736468,0.000395350
-0.000000450,0.009877271,0.000395450
-0.000000430,0.009384460,0.000395550
-0.000000464,0.008962051,0.000395650
-0.000000271,0.010158877,0.000395750
-0.000000068,0.009595665,0.000395850
-0.000000128,0.009384460,0.000395950
-0.000000136,0.010088475,0.000396050
-0.000000336,0.008258035,0.000396150
-0.000000317,0.009314058,0.000396250
-0.000000583,0.010018074,0.000396350
-0.000000392,0.010510885,0.000396450
-0.000000156,0.009525263,0.000396550
-0.000000245,0.009384460,0.000396650
-0.000000292,0.009947672,0.000396750
-0.000000111,0.010088475,0.000396850
-0.000000365,0.010229278,0.000396950
-0.000000332,0.009243657,0.000397050
-0.000000432,0.010581287,0.000397150
-0.000000070,0.010510885,0.000397250
-0.000000191,0.009806870,0.000397350
-0.000000339,0.010370082,0.000397450
-0.000000201,0.010229278,0.000397550
-0.000000274,0.010722090,0.000397650
-0.000000321,0.010581287,0.000397750
-0.000000333,0.010933294,0.000397850
-0.000000230,0.009454861,0.000397950
-0.000000173,0.009806870,0.000398050
-0.000000427,0.009314058,0.000398150
-0.000000208,0.010722090,0.000398250
-0.000000091,0.010299681,0.000398350
-0.000000036,0.010510885,0.000398450
-0.000000007,0.010581287,0.000398550
-0.000000572,0.009666067,0.000398650
-0.000000259,0.009314058,0.000398750
-0.000000165,0.010440484,0.000398850
-0.000000358,0.009314058,0.000398950
-0.000000685,0.009525263,0.000399050
-0.000000301,0.010651688,0.000399150
0.000000148,0.008750846,0.000399250
-0.000000160,0.009595665,0.000399350
-0.000000280,0.010088475,0.000399450
-0.000000197,0.009736468,0.000399550
-0.000000468,0.010088475,0.000399650
-0.000000315,0.009173255,0.000399750
-0.000000146,0.010299681,0.000399850
-0.000000204,0.009595665,0.000399950
-0.000000317,0.009666067,0.000400050
-0.000000070,0.009806870,0.000400150
-0.000000298,0.010722090,0.000400250
-0.000000237,0.009102854,0.000400350
-0.000000418,0.009666067,0.000400450
-0.000000370,0.009947672,0.000400550
-0.000000327,0.008891650,0.000400650
-0.000000072,0.010440484,0.000400750
-0.000000027,0.009595665,0.000400850
-0.000000046,0.009173255,0.000400950
-0.000000127,0.009173255,0.000401050
-0.000000439,0.009314058,0.000401150
-0.000000000,0.009806870,0.000401250
-0.000000621,0.009806870,0.000401350
-0.000000302,0.009877271,0.000401450
-0.000000455,0.009243657,0.000401550
-0.000000323,0.009454861,0.000401650
-0.000000301,0.009525263,0.000401750
0.000000063,0.008610043,0.000401850
0.000000097,0.010158877,0.000401950
0.000000161,0.010581287,0.000402050
-0.000000174,0.009666067,0.000402150
-0.000000677,0.009736468,0.000402250
-0.000000576,0.010018074,0.000402350
-0.000000289,0.009314058,0.000402450
0.000000018,0.009666067,0.000402550
-0.000000909,0.009243657,0.000402650
-0.000000050,0.008046830,0.000402750
-0.000000432,0.009243657,0.000402850
0.000000040,0.010299681,0.000402950
0.000000158,0.009736468,0.000403050
0.000000036,0.009736468,0.000403150
-0.000000293,0.009666067,0.000403250
-0.000000127,0.009806870,0.000403350
-0.000000499,0.008680444,0.000403450
-0.000000391,0.010088475,0.000403550
-0.000000599,0.010018074,0.000403650
-0.000000635,0.010581287,0.000403750
-0.000000194,0.010229278,0.000403850
-0.000000023,0.010158877,0.000403950
0.000000082,0.009525263,0.000404050
0.000000189,0.010158877,0.000404150
0.000000053,0.009806870,0.000404250
-0.000000499,0.008891650,0.000404350
-0.000000400,0.008398838,0.000404450
-0.000000377,0.009314058,0.000404550
-0.000000207,0.008962051,0.000404650
-0.000000120,0.009384460,0.000404750
-0.000000188,0.010299681,0.000404850
-0.000000023,0.009947672,0.000404950
-0.000000197,0.010862892,0.000405050
-0.000000060,0.010158877,0.000405150
-0.000000214,0.009525263,0.000405250
-0.000000113,0.009806870,0.000405350
-0.000000173,0.010581287,0.000405450
-0.000000220,0.009454861,0.000405550
-0.000000369,0.009736468,0.000405650
-0.000000517,0.010229278,0.000405750
-0.000000384,0.010651688,0.000405850
-0.000000325,0.009454861,0.000405950
-0.000000245,0.010158877,0.000406050
-0.000000258,0.010370082,0.000406150
-0.000000264,0.010510885,0.000406250
-0.000000147,0.010158877,0.000406350
-0.000000106,0.010158877,0.000406450
-0.000000234,0.009666067,0.000406550
-0.000000061,0.009806870,0.000406650
-0.000000052,0.010370082,0.000406750
-0.000000321,0.009666067,0.000406850
-0.000000230,0.009877271,0.000406950
-0.000000189,0.009243657,0.000407050
-0.000000283,0.009173255,0.000407150
-0.000000161,0.009947672,0.000407250
-0.000000285,0.009947672,0.000407350
-0.000000161,0.009877271,0.000407450
-0.000000069,0.010370082,0.000407550
-0.000000223,0.010299681,0.000407650
-0.000000299,0.009806870,0.000407750
-0.000000319,0.009806870,0.000407850
-0.000000158,0.009314058,0.000407950
-0.000000267,0.009595665,0.000408050
-0.000000206,0.010229278,0.000408150
-0.000000210,0.009243657,0.000408250
-0.000000402,0.009525263,0.000408350
-0.000000279,0.009595665,0.000408450
-0.000000324,0.009666067,0.000408550
-0.000000301,0.009806870,0.000408650
-0.000000429,0.009314058,0.000408750
-0.000000109,0.009595665,0.000408850
0.000000202,0.010722090,0.000408950
-0.000000336,0.009877271,0.000409050
-0.000000270,0.010299681,0.000409150
-0.000000328,0.008962051,0.000409250
-0.000000311,0.009454861,0.000409350
-0.000000212,0.010440484,0.000409450
-0.000000430,0.010088475,0.000409550
-0.000000215,0.010370082,0.000409650
-0.000000070,0.009806870,0.000409750
0.000000013,0.010370082,0.000409850
-0.000000199,0.010158877,0.000409950
-0.000000065,0.006075587,0.000410050
0.000000833,-0.001246175,0.000410150
0.000001562,-0.008638339,0.000410250
0.000001881,-0.015960101,0.000410350
0.000001976,-0.023633871,0.000410450
0.000001947,-0.031800453,0.000410550
0.000001834,-0.037714183,0.000410650
0.000001805,-0.046232771,0.000410750
0.000001404,-0.052428111,0.000410850
0.000001412,-0.061017100,0.000410950
0.000001748,-0.068902075,0.000411050
0.000001959,-0.075590223,0.000411150
0.000001804,-0.083123192,0.000411250
0.000001680,-0.091360174,0.000411350
0.000001664,-0.099385954,0.000411450
0.000001827,-0.105018079,0.000411550
0.000001934,-0.113677464,0.000411650
0.000001816,-0.120506421,0.000411750
0.000001656,-0.128109783,0.000411850
0.000001603,-0.136205971,0.000411950
0.000001457,-0.143527731,0.000412050
0.000001633,-0.150779083,0.000412150
0.000001579,-0.157748848,0.000412250
0.000001721,-0.165281817,0.000412350
0.000001950,-0.173237190,0.000412450
0.000001745,-0.180558950,0.000412550
0.000001624,-0.187739909,0.000412650
0.000001636,-0.194639266,0.000412750
0.000001745,-0.204002663,0.000412850
0.000001724,-0.210831627,0.000412950
0.000001689,-0.218434989,0.000413050
0.000001761,-0.225404739,0.000413150
0.000001845,-0.233500928,0.000413250
0.000001760,-0.240189075,0.000413350
0.000001633,-0.246877223,0.000413450
0.000001741,-0.254691780,0.000413550
0.000002071,-0.262295157,0.000413650
0.000001792,-0.269828141,0.000413750
0.000001542,-0.277713090,0.000413850
0.000001624,-0.285809278,0.000413950
0.000001764,-0.293623865,0.000414050
0.000001752,-0.301156819,0.000414150
0.000001787,-0.309041798,0.000414250
0.000001724,-0.316715568,0.000414350
0.000001430,-0.323826134,0.000414450
0.000001430,-0.331570297,0.000414550
0.000001664,-0.338540047,0.000414650
0.000001897,-0.345157802,0.000414750
0.000001894,-0.353253990,0.000414850
0.000001753,-0.360294133,0.000414950
0.000001650,-0.368531108,0.000415050
0.000001637,-0.375430465,0.000415150
0.000001523,-0.383949071,0.000415250
0.000001521,-0.390214801,0.000415350
0.000001524,-0.397677362,0.000415450
0.000001660,-0.406125546,0.000415550
0.000001721,-0.412813693,0.000415650
0.000001577,-0.419713050,0.000415750
0.000001590,-0.427527636,0.000415850
0.000001742,-0.435201406,0.000415950
0.000001852,-0.442030340,0.000416050
0.000001831,-0.449985713,0.000416150
0.000001698,-0.457659483,0.000416250
0.000001458,-0.465474069,0.000416350
0.000001376,-0.473359048,0.000416450
0.000001644,-0.479624778,0.000416550
0.000001508,-0.488002568,0.000416650
0.000001707,-0.496380359,0.000416750
0.000001779,-0.502786875,0.000416850
0.000001927,-0.510179043,0.000416950
0.000001863,-0.517289639,0.000417050
0.000001650,-0.525737822,0.000417150
0.000001596,-0.532496333,0.000417250
0.000001326,-0.540381312,0.000417350
0.000001455,-0.546647072,0.000417450
0.000001734,-0.554039240,0.000417550
0.000001571,-0.562628210,0.000417650
0.000001479,-0.569386780,0.000417750
0.000001526,-0.577412546,0.000417850
0.000001718,-0.584945500,0.000417950
0.000001789,-0.592689693,0.000418050
0.000001915,-0.600504279,0.000418150
0.000001864,-0.608882070,0.000418250
0.000001704,-0.615851820,0.000418350
0.000001576,-0.622469544,0.000418450
0.000001561,-0.629580081,0.000418550
0.000001744,-0.637887478,0.000418650
0.000001761,-0.644505262,0.000418750
0.000001758,-0.652671814,0.000418850
0.000001802,-0.659711957,0.000418950
0.000001849,-0.668019354,0.000419050
0.000001775,-0.674566686,0.000419150
0.000001787,-0.682874084,0.000419250
0.000001707,-0.690407038,0.000419350
0.000001568,-0.697658420,0.000419450
0.000001569,-0.705402553,0.000419550
0.000001645,-0.713991582,0.000419650
0.000001777,-0.720750093,0.000419750
0.000001861,-0.726945460,0.000419850
0.000001778,-0.734126449,0.000419950
0.000001560,-0.742996991,0.000420050
0.000001942,-0.750389159,0.000420150
0.000001856,-0.757922173,0.000420250
0.000001779,-0.765032709,0.000420350
0.000001716,-0.772213638,0.000420450
0.000001809,-0.780450642,0.000420550
0.000001995,-0.787631631,0.000420650
0.000002116,-0.795516551,0.000420750
0.000002193,-0.802556753,0.000420850
0.000001802,-0.811075330,0.000420950
0.000001838,-0.818397105,0.000421050
0.000001684,-0.824803650,0.000421150
0.000001864,-0.833110988,0.000421250
0.000002180,-0.841136813,0.000421350
0.000001777,-0.848458529,0.000421450
0.000001701,-0.855428278,0.000421550
0.000001858,-0.862468481,0.000421650
0.000001802,-0.870494246,0.000421750
0.000001804,-0.877182364,0.000421850
0.000002270,-0.885489762,0.000421950
0.000002330,-0.892529905,0.000422050
0.000002186,-0.899288476,0.000422150
0.000002681,-0.907595873,0.000422250
0.000001812,-0.914565623,0.000422350
0.000002150,-0.921183348,0.000422450
0.000001981,-0.929631531,0.000422550
0.000002369,-0.935897291,0.000422650
0.000001811,-0.944345474,0.000422750
0.000001914,-0.952230453,0.000422850
0.000002154,-0.959833801,0.000422950
0.000002132,-0.967085183,0.000423050
0.000002430,-0.975040555,0.000423150
0.000002606,-0.982151091,0.000423250
0.000002319,-0.989120901,0.000423350
0.000002154,-0.998061895,0.000423450
0.000002554,-1.004186749,0.000423550
0.000002023,-1.011790156,0.000423650
0.000002363,-1.020097613,0.000423750
0.000002238,-1.027841687,0.000423850
0.000002572,-1.035585880,0.000423950
0.000002148,-1.042626023,0.000424050
0.000002401,-1.050299883,0.000424150
0.000002552,-1.058607221,0.000424250
0.000002188,-1.065788150,0.000424350
0.000001928,-1.072757959,0.000424450
0.000002342,-1.080150127,0.000424550
0.000002777,-1.087612629,0.000424650
0.000002594,-1.096131206,0.000424750
0.000002199,-1.102326632,0.000424850
0.000002230,-1.111197233,0.000424950
0.000002511,-1.118378162,0.000425050
0.000002518,-1.125488639,0.000425150
0.000002626,-1.131895185,0.000425250
0.000002261,-1.139709830,0.000425350
0.000002500,-1.146116376,0.000425450
0.000002369,-1.154212475,0.000425550
0.000002386,-1.161886334,0.000425650
0.000002374,-1.169137716,0.000425750
0.000002412,-1.175825834,0.000425850
0.000002533,-1.184273958,0.000425950
0.000002566,-1.190962195,0.000426050
0.000002322,-1.199269533,0.000426150
0.000002288,-1.207436085,0.000426250
0.000002764,-1.215109825,0.000426350
0.000002813,-1.222150087,0.000426450
0.000002794,-1.230035067,0.000426550
0.000002928,-1.237215996,0.000426650
0.000002464,-1.244185686,0.000426750
0.000002456,-1.251296282,0.000426850
0.000002606,-1.259040475,0.000426950
0.000002631,-1.267207026,0.000427050
0.000002905,-1.274317622,0.000427150
0.000002620,-1.282413721,0.000427250
0.000002676,-1.289594769,0.000427350
0.000002507,-1.296986938,0.000427450
0.000002564,-1.304801464,0.000427550
0.000002577,-1.311771274,0.000427650
0.000002501,-1.318740964,0.000427750
0.000002635,-1.326414704,0.000427850
0.000002751,-1.333454847,0.000427950
0.000002663,-1.341903090,0.000428050
0.000002632,-1.349154472,0.000428150
0.000002724,-1.356194615,0.000428250
0.000002879,-1.364149928,0.000428350
0.000002659,-1.371049285,0.000428450
0.000002627,-1.379708767,0.000428550
0.000002616,-1.385481715,0.000428650
0.000002533,-1.393789053,0.000428750
0.000002660,-1.400758743,0.000428850
0.000002737,-1.408995748,0.000428950
0.000002686,-1.416317582,0.000429050
0.000002947,-1.424272895,0.000429150
0.000002916,-1.432228327,0.000429250
0.000002986,-1.439620495,0.000429350
0.000002843,-1.446660638,0.000429450
0.000002627,-1.454545617,0.000429550
0.000002696,-1.461867332,0.000429650
0.000002942,-1.469893098,0.000429750
0.000003022,-1.477355719,0.000429850
0.000002901,-1.484818220,0.000429950
0.000002830,-1.492703199,0.000430050
0.000002514,-1.499320984,0.000430150
0.000002686,-1.506853938,0.000430250
0.000002789,-1.512838125,0.000430350
0.000002777,-1.521356702,0.000430450
0.000002833,-1.528959990,0.000430550
0.000002851,-1.536070585,0.000430650
0.000002705,-1.543533206,0.000430750
0.000002934,-1.550362110,0.000430850
0.000002940,-1.559021473,0.000430950
0.000002964,-1.566061616,0.000431050
0.000002803,-1.574298620,0.000431150
0.000003087,-1.581057191,0.000431250
0.000002868,-1.588449359,0.000431350
0.000002592,-1.595841527,0.000431450
0.000002746,-1.603656054,0.000431550
0.000002941,-1.610837102,0.000431650
0.000002922,-1.617666006,0.000431750
0.000002686,-1.626114130,0.000431850
0.000002794,-1.632379889,0.000431950
0.000002885,-1.641602516,0.000432050
0.000003088,-1.649346709,0.000432150
0.000003175,-1.657372475,0.000432250
0.000002985,-1.663074970,0.000432350
0.000002775,-1.672227263,0.000432450
0.000002847,-1.678492904,0.000432550
0.000002979,-1.684617877,0.000432650
0.000002843,-1.693770051,0.000432750
0.000002738,-1.700106263,0.000432850
0.000002780,-1.708343267,0.000432950
0.000002902,-1.715524197,0.000433050
0.000002832,-1.722493887,0.000433150
0.000003075,-1.730801344,0.000433250
0.000003173,-1.738052726,0.000433350
0.000002988,-1.745374441,0.000433450
0.000002957,-1.753329754,0.000433550
0.000002844,-1.761285186,0.000433650
0.000002637,-1.768606901,0.000433750
0.000002613,-1.776069522,0.000433850
0.000002734,-1.783813715,0.000433950
0.000002798,-1.791205883,0.000434050
0.000003166,-1.797401190,0.000434150
0.000003020,-1.805919766,0.000434250
0.000003280,-1.813663960,0.000434350
0.000003084,-1.820704103,0.000434450
0.000003120,-1.828729868,0.000434550
0.000003034,-1.837178111,0.000434650
0.000003127,-1.843936563,0.000434750
0.000002791,-1.851680756,0.000434850
0.000002606,-1.859072924,0.000434950
0.000002567,-1.866324306,0.000435050
0.000002869,-1.874209285,0.000435150
0.000003491,-1.881460667,0.000435250
0.000003526,-1.889697671,0.000435350
0.000003327,-1.896033764,0.000435450
0.000003173,-1.904129982,0.000435550
0.000003180,-1.911170125,0.000435650
0.000003022,-1.918562293,0.000435750
0.000002617,-1.925743222,0.000435850
0.000002552,-1.933628201,0.000435950
0.000002590,-1.940457106,0.000436050
0.000002945,-1.948694110,0.000436150
0.000003045,-1.955382228,0.000436250
0.000003053,-1.963196874,0.000436350
0.000003342,-1.970518589,0.000436450
0.000003349,-1.977629185,0.000436550
0.000003390,-1.985232592,0.000436650
0.000003294,-1.993187904,0.000436750
0.000002882,-2.001636028,0.000436850
0.000002718,-2.008957863,0.000436950
0.000002668,-2.015434742,0.000437050
0.000002696,-2.023108482,0.000437150
0.000002934,-2.030219078,0.000437250
0.000003060,-2.038667440,0.000437350
0.000003266,-2.045496225,0.000437450
0.000003374,-2.052536488,0.000437550
0.000003381,-2.060914278,0.000437650
0.000003309,-2.068588018,0.000437750
0.000002977,-2.076472998,0.000437850
0.000003021,-2.082809210,0.000437950
0.000002791,-2.090694189,0.000438050
0.000002953,-2.098297358,0.000438150
0.000003020,-2.105196714,0.000438250
0.000003030,-2.113996983,0.000438350
0.000002931,-2.120685101,0.000438450
0.000003035,-2.128781319,0.000438550
0.000003019,-2.135328770,0.000438650
0.000003207,-2.144269705,0.000438750
0.000003306,-2.151380301,0.000438850
0.000002902,-2.157505274,0.000438950
0.000002992,-2.165390253,0.000439050
0.000003007,-2.172641516,0.000439150
0.000002974,-2.181019306,0.000439250
0.000002991,-2.188059330,0.000439350
0.000002841,-2.195803642,0.000439450
0.000003225,-2.202632666,0.000439550
0.000003311,-2.211714268,0.000439650
0.000003159,-2.218332052,0.000439750
0.000003241,-2.226569176,0.000439850
0.000003128,-2.233186960,0.000439950
0.000003037,-2.241353512,0.000440050
0.000003117,-2.248745680,0.000440150
0.000003266,-2.255222559,0.000440250
0.000003158,-2.263248205,0.000440350
0.000002949,-2.270006895,0.000440450
0.000003224,-2.278243780,0.000440550
0.000003167,-2.285635948,0.000440650
0.000003143,-2.293661833,0.000440750
0.000003429,-2.300138712,0.000440850
0.000003117,-2.308868408,0.000440950
0.000003065,-2.315415859,0.000441050
0.000003230,-2.322808027,0.000441150
0.000003085,-2.330622673,0.000441250
0.000003134,-2.337099552,0.000441350
0.000003044,-2.344280481,0.000441450
0.000003193,-2.352024794,0.000441550
0.000003092,-2.359487295,0.000441650
0.000002967,-2.367442608,0.000441750
0.000003007,-2.375468493,0.000441850
0.000002909,-2.383282900,0.000441950
0.000003162,-2.390041590,0.000442050
0.000003328,-2.398208141,0.000442150
0.000003180,-2.405811548,0.000442250
0.000003294,-2.413555622,0.000442350
0.000003401,-2.421018124,0.000442450
0.000003232,-2.428058386,0.000442550
0.000003137,-2.435168982,0.000442650
0.000003010,-2.443617105,0.000442750
0.000003051,-2.450023651,0.000442850
0.000003105,-2.457274914,0.000442950
0.000002858,-2.465300798,0.000443050
0.000003146,-2.472763300,0.000443150
0.000003261,-2.479521990,0.000443250
0.000003092,-2.487899780,0.000443350
0.000003676,-2.494939804,0.000443450
0.000003313,-2.502895117,0.000443550
0.000003392,-2.510709763,0.000443650
0.000002738,-2.518242836,0.000443750
0.000003067,-2.526198149,0.000443850
0.000003146,-2.534294367,0.000443950
0.000003197,-2.541264057,0.000444050
0.000003264,-2.547740936,0.000444150
0.000003075,-2.555414677,0.000444250
0.000003286,-2.564074278,0.000444350
0.000003379,-2.570339918,0.000444450
0.000003214,-2.578013659,0.000444550
0.000002768,-2.586391449,0.000444650
0.000003100,-2.593853951,0.000444750
0.000003067,-2.600049257,0.000444850
0.000003393,-2.608708858,0.000444950
0.000003069,-2.616171360,0.000445050
0.000003417,-2.623845100,0.000445150
0.000002854,-2.630814791,0.000445250
0.000003260,-2.637925386,0.000445350
0.000003436,-2.646021605,0.000445450
0.000003528,-2.653343439,0.000445550
0.000003305,-2.660665035,0.000445650
0.000003173,-2.669394970,0.000445750
0.000003086,-2.674886227,0.000445850
0.000003087,-2.684531212,0.000445950
0.000003146,-2.690726519,0.000446050
0.000003045,-2.697273970,0.000446150
0.000003467,-2.705651760,0.000446250
0.000003151,-2.713536739,0.000446350
0.000003204,-2.720999241,0.000446450
0.000003526,-2.726842642,0.000446550
0.000003391,-2.735149860,0.000446650
0.000003182,-2.742190123,0.000446750
0.000003355,-2.751131058,0.000446850
0.000003385,-2.757748842,0.000446950
0.000003102,-2.766267538,0.000447050
0.000003108,-2.773096323,0.000447150
0.000002916,-2.780136585,0.000447250
0.000002904,-2.787810326,0.000447350
0.000003320,-2.794780016,0.000447450
0.000003455,-2.802876234,0.000447550
0.000003351,-2.810127735,0.000447650
0.000003488,-2.818364620,0.000447750
0.000003370,-2.824771166,0.000447850
0.000003375,-2.832656145,0.000447950
0.000003428,-2.840329885,0.000448050
0.000003335,-2.848637342,0.000448150
0.000003316,-2.855466127,0.000448250
0.000003435,-2.863914490,0.000448350
0.000003364,-2.870532274,0.000448450
0.000003283,-2.878769159,0.000448550
0.000003272,-2.884753227,0.000448650
0.000003353,-2.893131018,0.000448750
0.000003427,-2.900382519,0.000448850
0.000003423,-2.909041882,0.000448950
0.000003328,-2.916293144,0.000449050
0.000003405,-2.923403740,0.000449150
0.000003311,-2.930514336,0.000449250
0.000003326,-2.938258410,0.000449350
0.000003354,-2.946777105,0.000449450
0.000003183,-2.953253984,0.000449550
0.000003268,-2.960716486,0.000449650
0.000003569,-2.967263937,0.000449750
0.000003602,-2.975219250,0.000449850
0.000003606,-2.983033895,0.000449950
0.000003309,-2.983315468,0.000450050
0.000001989,-2.976345778,0.000450150
0.000000189,-2.968742371,0.000450250
-0.000001354,-2.962265491,0.000450350
-0.000002177,-2.954450846,0.000450450
-0.000002601,-2.947551489,0.000450550
-0.000002994,-2.938680887,0.000450650
-0.000002896,-2.932485580,0.000450750
-0.000002822,-2.924389362,0.000450850
-0.000002871,-2.916574717,0.000450950
-0.000003076,-2.910168171,0.000451050
-0.000003119,-2.902283192,0.000451150
-0.000002943,-2.896017551,0.000451250
-0.000002834,-2.886795044,0.000451350
-0.000002781,-2.879613876,0.000451450
-0.000002952,-2.871940136,0.000451550
-0.000002943,-2.864407301,0.000451650
-0.000002982,-2.857437372,0.000451750
-0.000002928,-2.848566771,0.000451850
-0.000003113,-2.841878653,0.000451950
-0.000003372,-2.833923340,0.000452050
-0.000003263,-2.826742411,0.000452150
-0.000003351,-2.818857431,0.000452250
-0.000003195,-2.811465263,0.000452350
-0.000002586,-2.803228378,0.000452450
-0.000002686,-2.795061588,0.000452550
-0.000003309,-2.789007187,0.000452650
-0.000003338,-2.781474113,0.000452750
-0.000003318,-2.773870945,0.000452850
-0.000003184,-2.766408205,0.000452950
-0.000003042,-2.757537603,0.000453050
-0.000003317,-2.750849485,0.000453150
-0.000003429,-2.744724512,0.000453250
-0.000003115,-2.736698866,0.000453350
-0.000003228,-2.729517937,0.000453450
-0.000003033,-2.721632957,0.000453550
-0.000003115,-2.714170218,0.000453650
-0.000003206,-2.706989288,0.000453750
-0.000003233,-2.699033976,0.000453850
-0.000003639,-2.693472147,0.000453950
-0.000003289,-2.684812784,0.000454050
-0.000002918,-2.677983999,0.000454150
-0.000002835,-2.669324398,0.000454250
-0.000002881,-2.662284374,0.000454350
-0.000003203,-2.654188156,0.000454450
-0.000003311,-2.647077560,0.000454550
-0.000003180,-2.638488531,0.000454650
-0.000003218,-2.631800413,0.000454750
-0.000003131,-2.624408245,0.000454850
-0.000002886,-2.616101027,0.000454950
-0.000002997,-2.610187292,0.000455050
-0.000003196,-2.601527691,0.000455150
-0.000003193,-2.595332384,0.000455250
-0.000003110,-2.586743593,0.000455350
-0.000003066,-2.579351425,0.000455450
-0.000002988,-2.571818352,0.000455550
-0.000002959,-2.564778090,0.000455650
-0.000002963,-2.557245255,0.000455750
-0.000003299,-2.549712181,0.000455850
-0.000003306,-2.542038441,0.000455950
-0.000002854,-2.534294367,0.000456050
-0.000003174,-2.527676582,0.000456150
-0.000003192,-2.520143509,0.000456250
-0.000003113,-2.513103485,0.000456350
-0.000003098,-2.504444122,0.000456450
-0.000003028,-2.497544765,0.000456550
-0.000003024,-2.490926981,0.000456650
-0.000003065,-2.482760429,0.000456750
-0.000003208,-2.474805117,0.000456850
-0.000003207,-2.467764854,0.000456950
-0.000003097,-2.461076736,0.000457050
-0.000003076,-2.452135801,0.000457150
-0.000003169,-2.444602728,0.000457250
-0.000003049,-2.437421799,0.000457350
-0.000003137,-2.429395914,0.000457450
-0.000003192,-2.421722174,0.000457550
-0.000003131,-2.414541245,0.000457650
-0.000003020,-2.407078743,0.000457750
-0.000003088,-2.398771286,0.000457850
-0.000003066,-2.392224073,0.000457950
-0.000002984,-2.385183811,0.000458050
-0.000003158,-2.377932549,0.000458150
-0.000003255,-2.371103525,0.000458250
-0.000003037,-2.362092018,0.000458350
-0.000003047,-2.355615139,0.000458450
-0.000003088,-2.347589493,0.000458550
-0.000002900,-2.340337992,0.000458650
-0.000003185,-2.333790779,0.000458750
-0.000003339,-2.325694561,0.000458850
-0.000003246,-2.317809582,0.000458950
-0.000002957,-2.310839653,0.000459050
-0.000003000,-2.303869963,0.000459150
-0.000002906,-2.295069933,0.000459250
-0.000003097,-2.286832809,0.000459350
-0.000003127,-2.280637503,0.000459450
-0.000002829,-2.272118807,0.000459550
-0.000002837,-2.264797211,0.000459650
-0.000002884,-2.258249760,0.000459750
-0.000003078,-2.250716925,0.000459850
-0.000003111,-2.243183851,0.000459950
-0.000003178,-2.235580444,0.000460050
-0.000003274,-2.228258848,0.000460150
-0.000003239,-2.220514536,0.000460250
-0.000003085,-2.212629557,0.000460350
-0.000003116,-2.204463005,0.000460450
-0.000003203,-2.197422743,0.000460550
-0.000003067,-2.189256191,0.000460650
-0.000002905,-2.182497740,0.000460750
-0.000002916,-2.175105572,0.000460850
-0.000003063,-2.167150259,0.000460950
-0.000003108,-2.160109997,0.000461050
-0.000003011,-2.152436256,0.000461150
-0.000003121,-2.145395994,0.000461250
-0.000003058,-2.137792826,0.000461350
-0.000002990,-2.129837275,0.000461450
-0.000003037,-2.122937918,0.000461550
-0.000003095,-2.115897894,0.000461650
-0.000003006,-2.107872009,0.000461750
-0.000002965,-2.099846363,0.000461850
-0.000003013,-2.091961384,0.000461950
-0.000003115,-2.085695505,0.000462050
-0.000002895,-2.077599287,0.000462150
-0.000002818,-2.070418358,0.000462250
-0.000002984,-2.063448668,0.000462350
-0.000003092,-2.055211782,0.000462450
-0.000003009,-2.047960281,0.000462550
-0.000003008,-2.040427446,0.000462650
-0.000003056,-2.032612801,0.000462750
-0.000003012,-2.025854349,0.000462850
-0.000003092,-2.016209126,0.000462950
-0.000003070,-2.009380341,0.000463050
-0.000002978,-2.002903223,0.000463150
-0.000003147,-1.994455099,0.000463250
-0.000003250,-1.986570120,0.000463350
-0.000003104,-1.979741216,0.000463450
-0.000002798,-1.971785903,0.000463550
-0.000002974,-1.965449691,0.000463650
-0.000002900,-1.957423925,0.000463750
-0.000003047,-1.950242996,0.000463850
-0.000003314,-1.943132401,0.000463950
-0.000003171,-1.935106635,0.000464050
-0.000002986,-1.928840876,0.000464150
-0.000003161,-1.920744777,0.000464250
-0.000002921,-1.913000584,0.000464350
-0.000002692,-1.904974818,0.000464450
-0.000002959,-1.897582650,0.000464550
-0.000002868,-1.890542507,0.000464650
-0.000003271,-1.882375836,0.000464750
-0.000002774,-1.875124454,0.000464850
-0.000003107,-1.867732286,0.000464950
-0.000002875,-1.860128999,0.000465050
-0.000003131,-1.853018403,0.000465150
-0.000003193,-1.845907807,0.000465250
-0.000003103,-1.838586092,0.000465350
-0.000003173,-1.830560327,0.000465450
-0.000002945,-1.821830511,0.000465550
-0.000002752,-1.815987229,0.000465650
-0.000002664,-1.807961464,0.000465750
-0.000003264,-1.800217271,0.000465850
-0.000003180,-1.793317914,0.000465950
-0.000003643,-1.784940124,0.000466050
-0.000003076,-1.777195930,0.000466150
-0.000003289,-1.770789385,0.000466250
-0.000003034,-1.761566758,0.000466350
-0.000003135,-1.755019426,0.000466450
-0.000002694,-1.748190522,0.000466550
-0.000002796,-1.740516782,0.000466650
-0.000002811,-1.733687758,0.000466750
-0.000002999,-1.725661993,0.000466850
-0.000003036,-1.717847466,0.000466950
-0.000003013,-1.710807323,0.000467050
-0.000003178,-1.702640653,0.000467150
-0.000003358,-1.695670962,0.000467250
-0.000003185,-1.687574744,0.000467350
-0.000003134,-1.679126620,0.000467450
-0.000002847,-1.672649622,0.000467550
-0.000002830,-1.665398240,0.000467650
-0.000002791,-1.658287644,0.000467750
-0.000002880,-1.651317954,0.000467850
-0.000002936,-1.642799377,0.000467950
-0.000002882,-1.636040807,0.000468050
-0.000003121,-1.628296614,0.000468150
-0.000003404,-1.619355679,0.000468250
-0.000003358,-1.613089919,0.000468350
-0.000003048,-1.605275273,0.000468450
-0.000003061,-1.597883105,0.000468550
-0.000002872,-1.590561390,0.000468650
-0.000002659,-1.583098888,0.000468750
-0.000003009,-1.575706720,0.000468850
-0.000002958,-1.568103313,0.000468950
-0.000002850,-1.560359120,0.000469050
-0.000002870,-1.553248525,0.000469150
-0.000003130,-1.545715570,0.000469250
-0.000003197,-1.537619472,0.000469350
-0.000003267,-1.529945612,0.000469450
-0.000003159,-1.522553444,0.000469550
-0.000002973,-1.515935779,0.000469650
-0.000002840,-1.509036422,0.000469750
-0.000003052,-1.501080990,0.000469850
-0.000003072,-1.492703199,0.000469950
-0.000002829,-1.485522270,0.000470050
-0.000003040,-1.478130102,0.000470150
-0.000002979,-1.470737934,0.000470250
-0.000002977,-1.463204980,0.000470350
-0.000003035,-1.455812812,0.000470450
-0.000002896,-1.448420644,0.000470550
-0.000002765,-1.441239715,0.000470650
-0.000002932,-1.434269905,0.000470750
-0.000002906,-1.425258517,0.000470850
-0.000003085,-1.417303205,0.000470950
-0.000003186,-1.410333395,0.000471050
-0.000003019,-1.403363705,0.000471150
-0.000002961,-1.395549059,0.000471250
-0.000003102,-1.387734532,0.000471350
-0.000003321,-1.380553603,0.000471450
-0.000003012,-1.372668624,0.000471550
-0.000002963,-1.364994764,0.000471650
-0.000003011,-1.357813835,0.000471750
-0.000003199,-1.350844145,0.000471850
-0.000003168,-1.343240738,0.000471950
-0.000003063,-1.335918903,0.000472050
-0.000002838,-1.328245163,0.000472150
-0.000002797,-1.320993781,0.000472250
-0.000003079,-1.313531280,0.000472350
-0.000003101,-1.306491137,0.000472450
-0.000002745,-1.298535705,0.000472550
-0.000002897,-1.291073203,0.000472650
-0.000003011,-1.283047438,0.000472750
-0.000003040,-1.276218414,0.000472850
-0.000003185,-1.269107819,0.000472950
-0.000003061,-1.261715770,0.000473050
-0.000002872,-1.253267527,0.000473150
-0.000002938,-1.246086597,0.000473250
-0.000003073,-1.238131166,0.000473350
-0.000003066,-1.231935859,0.000473450
-0.000002819,-1.223698854,0.000473550
-0.000002797,-1.215954661,0.000473650
-0.000002936,-1.208210468,0.000473750
-0.000002929,-1.201452017,0.000473850
-0.000003074,-1.193848610,0.000473950
-0.000003043,-1.185822845,0.000474050
-0.000003079,-1.178571463,0.000474150
-0.000002898,-1.171531320,0.000474250
-0.000002909,-1.163857579,0.000474350
-0.000003049,-1.156324625,0.000474450
-0.000002831,-1.148932457,0.000474550
-0.000002913,-1.140836239,0.000474650
-0.000002914,-1.133796096,0.000474750
-0.000002878,-1.125981450,0.000474850
-0.000002949,-1.119504571,0.000474950
-0.000003014,-1.112041950,0.000475050
-0.000003116,-1.104931474,0.000475150
-0.000002994,-1.096553683,0.000475250
-0.000002967,-1.089583874,0.000475350
-0.000002909,-1.081206083,0.000475450
-0.000002786,-1.074940324,0.000475550
-0.000002991,-1.066562533,0.000475650
-0.000003142,-1.059522390,0.000475750
-0.000002652,-1.051567078,0.000475850
-0.000002810,-1.044667721,0.000475950
-0.000003045,-1.036078691,0.000476050
-0.000003103,-1.029390574,0.000476150
-0.000003354,-1.021294355,0.000476250
-0.000002724,-1.014676690,0.000476350
-0.000002791,-1.006228447,0.000476450
-0.000002948,-0.998695493,0.000476550
-0.000003016,-0.991584897,0.000476650
-0.000003010,-0.983488739,0.000476750
-0.000002993,-0.976448596,0.000476850
-0.000002886,-0.968211591,0.000476950
-0.000002837,-0.960960269,0.000477050
-0.000002724,-0.953779280,0.000477150
-0.000002935,-0.946035087,0.000477250
-0.000002861,-0.937938929,0.000477350
-0.000003207,-0.930969179,0.000477450
-0.000003128,-0.923858643,0.000477550
-0.000002878,-0.915692031,0.000477650
-0.000002727,-0.909567118,0.000477750
-0.000002834,-0.901259720,0.000477850
-0.000002883,-0.893937945,0.000477950
-0.000002805,-0.886616170,0.000478050
-0.000002940,-0.879083216,0.000478150
-0.000002855,-0.871902287,0.000478250
-0.000002849,-0.863806069,0.000478350
-0.000002865,-0.856765926,0.000478450
-0.000002834,-0.849162579,0.000478550
-0.000003140,-0.840151191,0.000478650
-0.000002929,-0.835434258,0.000478750
-0.000002740,-0.825859666,0.000478850
-0.000002804,-0.818537891,0.000478950
-0.000002784,-0.810934544,0.000479050
-0.000002884,-0.803894341,0.000479150
-0.000002959,-0.796290994,0.000479250
-0.000002934,-0.789321244,0.000479350
-0.000003058,-0.781858683,0.000479450
-0.000002972,-0.773832917,0.000479550
-0.000002897,-0.766933560,0.000479650
-0.000002868,-0.758978188,0.000479750
-0.000002877,-0.751656413,0.000479850
-0.000002798,-0.745038688,0.000479950
-0.000002891,-0.736731291,0.000480050
-0.000003068,-0.728283107,0.000480150
-0.000002834,-0.722369373,0.000480250
-0.000002792,-0.715470016,0.000480350
-0.000002799,-0.708359420,0.000480450
-0.000002712,-0.699488878,0.000480550
-0.000002614,-0.692730308,0.000480650
-0.000002859,-0.684704542,0.000480750
-0.000002775,-0.676326752,0.000480850
-0.000002883,-0.669357002,0.000480950
-0.000002846,-0.662316799,0.000481050
-0.000002916,-0.655276656,0.000481150
-0.000003043,-0.647391677,0.000481250
-0.000002948,-0.639436305,0.000481350
-0.000002781,-0.632325768,0.000481450
-0.000002666,-0.624229610,0.000481550
-0.000002974,-0.616907835,0.000481650
-0.000003044,-0.609586060,0.000481750
-0.000002871,-0.601841867,0.000481850
-0.000002756,-0.594872117,0.000481950
-0.000002887,-0.587479949,0.000482050
-0.000002955,-0.579524577,0.000482150
-0.000002930,-0.572625220,0.000482250
-0.000002859,-0.563895464,0.000482350
-0.000002832,-0.556432903,0.000482450
-0.000002886,-0.548195899,0.000482550
-0.000002860,-0.541648567,0.000482650
-0.000002794,-0.534608424,0.000482750
-0.000002944,-0.526934624,0.000482850
-0.000002794,-0.519401670,0.000482950
-0.000002803,-0.512361526,0.000483050
-0.000002808,-0.505391777,0.000483150
-0.000002900,-0.497577190,0.000483250
-0.000002861,-0.490114599,0.000483350
-0.000002731,-0.482370436,0.000483450
-0.000002625,-0.474767059,0.000483550
-0.000002749,-0.467797309,0.000483650
-0.000002865,-0.459912330,0.000483750
-0.000002801,-0.452238560,0.000483850
-0.000002771,-0.444071978,0.000483950
-0.000002677,-0.436116606,0.000484050
-0.000002843,-0.429921269,0.000484150
-0.000003053,-0.422388315,0.000484250
-0.000003032,-0.415418565,0.000484350
-0.000002875,-0.408026397,0.000484450
-0.000002771,-0.400423020,0.000484550
-0.000002959,-0.392819643,0.000484650
-0.000002786,-0.385075480,0.000484750
-0.000002909,-0.378246546,0.000484850
-0.000002912,-0.370361567,0.000484950
-0.000002880,-0.361842960,0.000485050
-0.000002839,-0.355366021,0.000485150
-0.000002805,-0.347551465,0.000485250
-0.000002705,-0.338680863,0.000485350
-0.000003069,-0.333119124,0.000485450
-0.000002854,-0.324670941,0.000485550
-0.000002551,-0.317208380,0.000485650
-0.000002639,-0.309464216,0.000485750
-0.000002422,-0.302494466,0.000485850
-0.000003135,-0.295313507,0.000485950
-0.000002849,-0.288062125,0.000486050
-0.000002956,-0.280317962,0.000486150
-0.000002828,-0.273207396,0.000486250
-0.000002977,-0.265463233,0.000486350
-0.000003043,-0.258493483,0.000486450
-0.000002924,-0.250397295,0.000486550
-0.000002724,-0.243920356,0.000486650
-0.000002543,-0.235683367,0.000486750
-0.000002799,-0.227798402,0.000486850
-0.000002727,-0.219843015,0.000486950
-0.000003092,-0.213084474,0.000487050
-0.000002922,-0.205269903,0.000487150
-0.000003127,-0.197807327,0.000487250
-0.000002932,-0.190344766,0.000487350
-0.000002686,-0.182318985,0.000487450
-0.000002735,-0.175208434,0.000487550
-0.000003169,-0.167323455,0.000487650
-0.000002790,-0.160846516,0.000487750
-0.000002786,-0.153454348,0.000487850
-0.000002686,-0.144794956,0.000487950
-0.000002890,-0.138036400,0.000488050
-0.000003041,-0.131277859,0.000488150
-0.000003092,-0.124589711,0.000488250
-0.000003169,-0.116493531,0.000488350
-0.000003038,-0.108608559,0.000488450
-0.000002848,-0.101779602,0.000488550
-0.000002680,-0.092909008,0.000488650
-0.000002755,-0.086150460,0.000488750
-0.000002417,-0.077068657,0.000488850
-0.000002698,-0.071084522,0.000488950
-0.000002835,-0.063973963,0.000489050
-0.000002729,-0.055807386,0.000489150
-0.000002701,-0.048415221,0.000489250
-0.000002958,-0.040389445,0.000489350
-0.000003142,-0.032363664,0.000489450
-0.000003137,-0.025534714,0.000489550
-0.000002879,-0.018283352,0.000489650
-0.000002563,-0.011031993,0.000489750
-0.000002823,-0.002513404,0.000489850
-0.000002820,0.004737957,0.000489950
-0.000002704,0.009666067,0.000490050
-0.000001778,0.009314058,0.000490150
-0.000000773,0.009314058,0.000490250
-0.000000366,0.010018074,0.000490350
-0.000000386,0.008398838,0.000490450
-0.000000462,0.007976429,0.000490550
-0.000000685,0.008891650,0.000490650
-0.000000552,0.007976429,0.000490750
-0.000000571,0.008469240,0.000490850
-0.000000389,0.008750846,0.000490950
-0.000000411,0.008328437,0.000491050
-0.000000554,0.008750846,0.000491150
-0.000000539,0.008821247,0.000491250
-0.000000504,0.009806870,0.000491350
-0.000000374,0.009032452,0.000491450
-0.000000458,0.008750846,0.000491550
-0.000000590,0.008398838,0.000491650
-0.000000344,0.008539641,0.000491750
-0.000000542,0.008962051,0.000491850
-0.000000465,0.008750846,0.000491950
-0.000000409,0.009173255,0.000492050
-0.000000340,0.008821247,0.000492150
-0.000000194,0.009947672,0.000492250
-0.000000037,0.008962051,0.000492350
-0.000000443,0.010018074,0.000492450
-0.000000429,0.009102854,0.000492550
-0.000000308,0.009454861,0.000492650
-0.000000444,0.008750846,0.000492750
-0.000000286,0.009595665,0.000492850
-0.000000466,0.009947672,0.000492950
-0.000000466,0.009314058,0.000493050
-0.000000384,0.009454861,0.000493150
-0.000000093,0.008469240,0.000493250
-0.000000265,0.009877271,0.000493350
-0.000000439,0.009525263,0.000493450
-0.000000436,0.008187634,0.000493550
-0.000000434,0.009102854,0.000493650
-0.000000023,0.008891650,0.000493750
-0.000000034,0.009877271,0.000493850
-0.000000432,0.009666067,0.000493950
-0.000000556,0.010370082,0.000494050
-0.000000274,0.008962051,0.000494150
-0.000000208,0.009595665,0.000494250
-0.000000536,0.008962051,0.000494350
-0.000000554,0.009173255,0.000494450
-0.000000194,0.008891650,0.000494550
-0.000000156,0.009454861,0.000494650
-0.000000227,0.010018074,0.000494750
-0.000000377,0.010510885,0.000494850
-0.000000283,0.009525263,0.000494950
-0.000000356,0.009877271,0.000495050
-0.000000073,0.009666067,0.000495150
-0.000000245,0.009243657,0.000495250
-0.000000172,0.009454861,0.000495350
-0.000000669,0.009102854,0.000495450
-0.000000698,0.008821247,0.000495550
-0.000000432,0.008891650,0.000495650
-0.000000181,0.009384460,0.000495750
-0.000000250,0.009595665,0.000495850
0.000000094,0.009454861,0.000495950
-0.000000088,0.009032452,0.000496050
-0.000000037,0.009806870,0.000496150
-0.000000100,0.009806870,0.000496250
-0.000000410,0.009947672,0.000496350
-0.000000473,0.009947672,0.000496450
-0.000000554,0.009102854,0.000496550
-0.000000340,0.008891650,0.000496650
-0.000000328,0.008680444,0.000496750
-0.000000134,0.010018074,0.000496850
-0.000000280,0.009806870,0.000496950
-0.000000210,0.009243657,0.000497050
-0.000000294,0.009173255,0.000497150
-0.000000160,0.010158877,0.000497250
-0.000000224,0.010440484,0.000497350
-0.000000502,0.009806870,0.000497450
-0.000000707,0.009877271,0.000497550
-0.000000421,0.010088475,0.000497650
-0.000000207,0.010440484,0.000497750
0.000000002,0.009666067,0.000497850
0.000000058,0.010510885,0.000497950
0.000000145,0.009243657,0.000498050
-0.000000200,0.010370082,0.000498150
-0.000000287,0.009384460,0.000498250
-0.000000253,0.009454861,0.000498350
-0.000000443,0.009877271,0.000498450
-0.000000556,0.009454861,0.000498550
-0.000000442,0.009806870,0.000498650
-0.000000485,0.009595665,0.000498750
-0.000000393,0.009454861,0.000498850
0.000000175,0.010651688,0.000498950
-0.000000045,0.009595665,0.000499050
-0.000000135,0.010018074,0.000499150
-0.000000176,0.010018074,0.000499250
-0.000000329,0.011003696,0.000499350
-0.000000346,0.009032452,0.000499450
-0.000000520,0.008962051,0.000499550
-0.000000434,0.011074098,0.000499650
-0.000000188,0.009384460,0.000499750
-0.000000136,0.009595665,0.000499850
-0.000000152,0.009314058,0.000499950
